                  铁矿2001 (I2001)
      时间	    开盘	    最高	    最低	    收盘	         成交量	   MA.MA1   	   MA.MA2   	   MA.MA3   	   MA.MA4   	   MA.MA5   	   MA.MA6   	   MA.MA7   	   MA.MA8   	
 2019/01/16	   472.5	   480.0	   472.5	   478.0	           1646	           	           	           	           	           	           	           	           	
 2019/01/17	   477.5	   482.0	   476.0	   481.0	           1012	           	           	           	           	           	           	           	           	
 2019/01/18	   480.0	   497.0	   480.0	   497.0	           1604	           	           	           	           	           	           	           	           	
 2019/01/21	   495.5	   507.0	   494.5	   497.0	           2416	           	           	           	           	           	           	           	           	
 2019/01/22	   496.0	   500.5	   490.0	   490.5	           1504	     488.70	           	           	           	           	           	           	           	
 2019/01/23	   489.5	   493.0	   489.5	   492.0	            590	     491.50	           	           	           	           	           	           	           	
 2019/01/24	   493.5	   498.0	   493.5	   495.0	            962	     494.30	           	           	           	           	           	           	           	
 2019/01/25	   496.0	   498.0	   494.0	   495.5	            728	     494.00	           	           	           	           	           	           	           	
 2019/01/28	   496.0	   523.0	   495.0	   505.0	           4112	     495.60	           	           	           	           	           	           	           	
 2019/01/29	   507.5	   514.5	   505.0	   514.5	           1152	     500.40	     494.55	           	           	           	           	           	           	
 2019/01/30	   515.0	   540.5	   515.0	   529.0	           9182	     507.80	     499.65	           	           	           	           	           	           	
 2019/01/31	   530.5	   532.0	   514.5	   526.5	           7068	     514.10	     504.20	           	           	           	           	           	           	
 2019/02/01	   527.5	   550.0	   525.5	   546.0	           6138	     524.20	     509.10	           	           	           	           	           	           	
 2019/02/11	   582.5	   582.5	   570.0	   571.0	          18536	     537.40	     516.50	           	           	           	           	           	           	
 2019/02/12	   567.5	   571.5	   551.0	   552.0	          16640	     544.90	     522.65	           	           	           	           	           	           	
 2019/02/13	   551.0	   555.0	   539.0	   543.5	          14192	     547.80	     527.80	           	           	           	           	           	           	
 2019/02/14	   545.0	   549.5	   533.5	   547.0	          16772	     551.90	     533.00	           	           	           	           	           	           	
 2019/02/15	   547.5	   550.0	   538.0	   544.5	           9306	     551.60	     537.90	           	           	           	           	           	           	
 2019/02/18	   545.5	   563.0	   545.5	   554.5	          21300	     548.30	     542.85	           	           	           	           	           	           	
 2019/02/19	   555.5	   570.0	   553.0	   566.0	          24478	     551.10	     548.00	     521.28	           	           	           	           	           	
 2019/02/20	   566.0	   570.0	   550.5	   562.0	          35486	     554.80	     551.30	     525.47	           	           	           	           	           	
 2019/02/21	   563.0	   568.0	   554.5	   558.0	          22224	     557.00	     554.45	     529.33	           	           	           	           	           	
 2019/02/22	   556.5	   560.0	   547.0	   560.0	          22184	     560.10	     555.85	     532.47	           	           	           	           	           	
 2019/02/25	   561.0	   562.0	   546.0	   547.0	          21192	     558.60	     553.45	     534.97	           	           	           	           	           	
 2019/02/26	   549.0	   549.0	   534.5	   539.5	          27910	     553.30	     552.20	     537.42	           	           	           	           	           	
 2019/02/27	   539.5	   543.5	   532.0	   534.5	          17512	     547.80	     551.30	     539.55	           	           	           	           	           	
 2019/02/28	   535.5	   545.0	   535.5	   543.5	          13024	     544.90	     550.95	     541.97	           	           	           	           	           	
 2019/03/01	   544.0	   558.0	   543.5	   558.0	          15452	     544.50	     552.30	     545.10	           	           	           	           	           	
 2019/03/04	   560.0	   568.5	   557.5	   559.0	          29374	     546.90	     552.75	     547.80	           	           	           	           	           	
 2019/03/05	   558.0	   560.0	   548.0	   552.5	          17544	     549.50	     551.40	     549.70	           	           	           	           	           	
 2019/03/06	   552.5	   557.0	   542.5	   542.5	          21648	     551.10	     549.45	     550.38	           	           	           	           	           	
 2019/03/07	   543.0	   559.0	   541.5	   556.5	          20742	     553.70	     549.30	     551.88	           	           	           	           	           	
 2019/03/08	   558.0	   558.5	   546.0	   546.5	          15632	     551.40	     547.95	     551.90	           	           	           	           	           	
 2019/03/11	   545.0	   545.0	   530.0	   533.0	          30642	     546.20	     546.55	     550.00	           	           	           	           	           	
 2019/03/12	   532.0	   544.0	   532.0	   543.5	          17758	     544.40	     546.95	     549.58	           	           	           	           	           	
 2019/03/13	   544.5	   546.0	   536.0	   536.0	          15912	     543.10	     547.10	     549.20	           	           	           	           	           	
 2019/03/14	   536.5	   550.0	   535.0	   549.5	          22718	     541.70	     547.70	     549.33	           	           	           	           	           	
 2019/03/15	   549.5	   549.5	   540.0	   546.5	          24728	     541.70	     546.55	     549.42	           	           	           	           	           	
 2019/03/18	   546.0	   566.0	   544.0	   560.0	          42798	     547.10	     546.65	     549.70	           	           	           	           	           	
 2019/03/19	   559.5	   574.0	   558.5	   561.0	          45664	     550.60	     547.50	     549.45	           	           	           	           	           	
 2019/03/20	   561.5	   567.0	   532.5	   532.5	          60468	     549.90	     546.50	     547.97	           	           	           	           	           	
 2019/03/21	   534.0	   536.5	   524.0	   529.5	          88414	     545.90	     543.80	     546.55	           	           	           	           	           	
 2019/03/22	   529.0	   534.0	   528.0	   534.0	          30738	     543.40	     542.55	     545.25	           	           	           	           	           	
 2019/03/25	   535.0	   537.5	   529.5	   530.0	          20506	     537.40	     542.25	     544.40	           	           	           	           	           	
 2019/03/26	   530.0	   535.0	   526.5	   526.5	          27592	     530.50	     540.55	     543.75	           	           	           	           	           	
 2019/03/27	   527.5	   533.5	   527.5	   531.5	          19568	     530.30	     540.10	     543.60	           	           	           	           	           	
 2019/03/28	   531.5	   535.0	   527.5	   529.5	          31584	     530.30	     538.10	     542.90	           	           	           	           	           	
 2019/03/29	   532.0	   555.0	   524.5	   553.0	          52844	     534.10	     538.75	     542.65	           	           	           	           	           	
 2019/04/01	   551.5	   567.5	   546.5	   565.5	          38242	     541.20	     539.30	     542.97	           	           	           	           	           	
 2019/04/02	   565.0	   575.0	   558.0	   571.0	          47644	     550.10	     540.30	     543.90	           	           	           	           	           	
 2019/04/03	   571.0	   594.0	   570.0	   585.0	          57448	     560.80	     545.55	     546.03	           	           	           	           	           	
 2019/04/04	   585.0	   590.0	   575.0	   580.0	          69574	     570.90	     550.60	     547.20	           	           	           	           	           	
 2019/04/08	   583.0	   607.5	   581.0	   601.0	          54820	     580.50	     557.30	     549.92	           	           	           	           	           	
 2019/04/09	   602.0	   611.0	   592.5	   597.5	          66858	     586.90	     564.05	     553.15	           	           	           	           	           	
 2019/04/10	   596.0	   602.0	   592.5	   600.0	          45276	     592.70	     571.40	     555.97	           	           	           	           	           	
 2019/04/11	   600.5	   606.5	   590.5	   604.5	          52384	     596.60	     578.70	     559.40	           	           	           	           	           	
 2019/04/12	   605.5	   613.0	   593.5	   603.0	          70552	     601.20	     586.05	     562.08	           	           	           	           	           	
 2019/04/15	   605.0	   614.0	   596.5	   601.5	          63346	     601.30	     590.90	     564.83	           	           	           	           	           	
 2019/04/16	   600.0	   606.0	   583.0	   584.0	          42678	     598.60	     592.75	     566.03	           	           	           	           	           	
 2019/04/17	   585.5	   587.5	   570.0	   574.0	          65666	     593.40	     593.05	     566.67	     545.80	           	           	           	           	
 2019/04/18	   573.5	   577.0	   567.0	   573.5	          55778	     587.20	     591.90	     568.72	     547.39	           	           	           	           	
 2019/04/19	   572.5	   575.0	   567.0	   573.0	          37246	     581.20	     591.20	     570.90	     548.92	           	           	           	           	
 2019/04/22	   573.0	   592.0	   573.0	   580.0	          81216	     576.90	     589.10	     573.20	     550.31	           	           	           	           	
 2019/04/23	   580.0	   586.0	   578.5	   582.0	          33778	     576.50	     587.55	     575.80	     551.72	           	           	           	           	
 2019/04/24	   580.5	   582.0	   571.0	   573.0	          35560	     576.30	     584.85	     578.13	     553.10	           	           	           	           	
 2019/04/25	   573.0	   580.5	   570.0	   570.5	          28280	     575.70	     581.45	     580.08	     554.41	           	           	           	           	
 2019/04/26	   570.5	   578.0	   566.5	   571.0	          59944	     575.30	     578.25	     582.15	     555.67	           	           	           	           	
 2019/04/29	   571.5	   585.5	   571.5	   585.5	          52954	     576.40	     576.65	     583.78	     557.17	           	           	           	           	
 2019/04/30	   584.5	   590.0	   580.0	   588.0	          53740	     577.60	     577.05	     584.90	     558.56	           	           	           	           	
 2019/05/06	   581.0	   585.5	   571.0	   583.5	          46692	     579.70	     578.00	     585.53	     559.71	           	           	           	           	
 2019/05/07	   584.5	   604.0	   579.0	   593.5	         122060	     584.30	     580.00	     585.95	     560.78	           	           	           	           	
 2019/05/08	   592.5	   592.5	   582.5	   585.5	          61274	     587.20	     581.25	     586.22	     561.77	           	           	           	           	
 2019/05/09	   585.0	   588.5	   577.0	   587.0	          67794	     587.50	     581.95	     585.53	     562.45	           	           	           	           	
 2019/05/10	   585.5	   598.0	   580.5	   596.5	         101478	     589.20	     583.40	     585.47	     562.88	           	           	           	           	
 2019/05/13	   595.5	   604.0	   594.0	   595.0	         108748	     591.50	     585.60	     585.22	     563.59	           	           	           	           	
 2019/05/14	   595.0	   605.5	   579.0	   582.0	         134790	     589.20	     586.75	     584.10	     564.23	           	           	           	           	
 2019/05/15	   580.0	   599.0	   580.0	   598.0	          86970	     591.70	     589.45	     583.85	     565.08	           	           	           	           	
 2019/05/16	   596.5	   622.0	   595.0	   618.0	         170432	     597.90	     592.70	     584.67	     566.31	           	           	           	           	
 2019/05/17	   620.0	   647.0	   617.5	   647.0	         329142	     608.00	     598.60	     587.83	     567.85	           	           	           	           	
 2019/05/20	   651.5	   657.0	   642.0	   652.5	         125976	     619.50	     605.50	     591.75	     569.29	           	           	           	           	
 2019/05/21	   645.0	   661.0	   632.5	   659.0	         170868	     634.90	     612.05	     596.03	     570.91	           	           	           	           	
 2019/05/22	   659.0	   670.5	   651.0	   667.0	         171058	     648.70	     620.20	     600.72	     572.72	           	           	           	           	
 2019/05/23	   666.0	   673.5	   661.5	   668.5	         104348	     658.80	     628.35	     605.15	     574.53	           	           	           	           	
 2019/05/24	   666.0	   671.5	   660.0	   671.5	         101462	     663.70	     635.85	     609.63	     576.61	           	           	           	           	
 2019/05/27	   672.5	   707.0	   672.0	   701.5	         393440	     673.50	     646.50	     616.05	     579.31	           	           	           	           	
 2019/05/28	   701.5	   713.5	   686.0	   696.0	         270256	     680.90	     657.90	     622.33	     582.00	           	           	           	           	
 2019/05/29	   690.0	   692.0	   668.5	   683.5	         295918	     684.20	     666.45	     627.95	     584.33	           	           	           	           	
 2019/05/30	   678.0	   686.0	   668.5	   674.5	         188102	     685.40	     672.10	     632.40	     586.28	           	           	           	           	
 2019/05/31	   670.0	   679.5	   664.0	   664.5	         163994	     684.00	     673.85	     636.22	     588.03	           	           	           	           	
 2019/06/03	   661.0	   663.5	   641.0	   646.5	         230368	     673.00	     673.25	     639.38	     589.60	           	           	           	           	
 2019/06/04	   649.5	   655.5	   644.0	   652.5	         174992	     664.30	     672.60	     642.33	     591.43	           	           	           	           	
 2019/06/05	   652.0	   656.0	   645.0	   653.0	         134484	     658.20	     671.20	     645.70	     593.04	           	           	           	           	
 2019/06/06	   651.5	   654.0	   628.0	   644.0	         249854	     652.10	     668.75	     648.55	     594.67	           	           	           	           	
 2019/06/10	   646.0	   654.5	   639.0	   654.0	         110200	     650.00	     667.00	     651.42	     596.68	           	           	           	           	
 2019/06/11	   656.0	   684.5	   653.0	   684.5	         230918	     657.60	     665.30	     655.90	     599.03	           	           	           	           	
 2019/06/12	   687.0	   699.5	   683.0	   684.0	         288844	     663.90	     664.10	     661.00	     601.50	           	           	           	           	
 2019/06/13	   685.0	   703.0	   681.0	   702.0	         203448	     673.70	     665.95	     666.20	     604.04	           	           	           	           	
 2019/06/14	   705.0	   718.5	   693.5	   702.5	         319602	     685.40	     668.75	     670.42	     606.64	           	           	           	           	
 2019/06/17	   701.0	   701.0	   679.0	   684.0	         302776	     691.40	     670.70	     672.28	     608.71	           	           	           	           	
 2019/06/18	   683.5	   696.0	   672.5	   695.5	         305358	     693.60	     675.60	     674.42	     610.95	           	           	           	           	
 2019/06/19	   700.0	   717.5	   686.0	   707.5	         585542	     698.30	     681.10	     676.85	     613.87	           	           	           	           	
 2019/06/20	   686.0	   725.0	   685.0	   720.0	         648638	     701.90	     687.80	     679.50	     617.04	           	           	           	           	
 2019/06/21	   720.0	   736.5	   710.0	   718.0	         742500	     705.00	     695.20	     681.97	     620.11	           	           	           	           	
 2019/06/24	   718.0	   739.0	   706.0	   733.0	         660996	     714.80	     703.10	     685.05	     623.49	           	           	           	           	
 2019/06/25	   733.5	   737.0	   713.5	   717.5	         530710	     719.20	     706.40	     685.85	     626.67	           	           	           	           	
 2019/06/26	   717.0	   721.0	   698.5	   715.5	         548552	     720.80	     709.55	     686.83	     629.74	           	           	           	           	
 2019/06/27	   718.0	   736.0	   716.0	   723.0	         624728	     721.40	     711.65	     688.80	     632.97	           	           	           	           	
 2019/06/28	   723.5	   742.0	   722.5	   741.0	         487086	     726.00	     715.50	     692.13	     636.10	           	           	           	           	
 2019/07/01	   744.0	   776.5	   738.5	   776.5	         680998	     734.70	     724.75	     697.72	     639.62	           	           	           	           	
 2019/07/02	   775.5	   795.0	   771.5	   789.5	         748996	     749.10	     734.15	     704.88	     643.26	           	           	           	           	
 2019/07/03	   787.5	   809.0	   782.0	   807.0	         896788	     767.40	     744.10	     712.60	     646.96	           	           	           	           	
 2019/07/04	   808.0	   808.0	   761.5	   772.5	        1077148	     777.30	     749.35	     718.58	     650.17	           	           	           	           	
 2019/07/05	   775.0	   784.5	   737.5	   737.5	        1118624	     776.60	     751.30	     723.25	     652.44	           	           	           	           	
 2019/07/08	   736.0	   764.5	   728.5	   759.0	        1020318	     773.10	     753.90	     728.50	     655.13	           	           	           	           	
 2019/07/09	   760.0	   790.5	   760.0	   782.0	        1231436	     771.60	     760.35	     733.38	     658.17	           	           	           	           	
 2019/07/10	   783.0	   784.5	   768.5	   777.0	         769932	     765.60	     766.50	     738.03	     661.04	           	           	           	           	
 2019/07/11	   774.0	   778.5	   759.0	   759.5	         800900	     763.00	     770.15	     740.90	     663.65	           	           	           	           	
 2019/07/12	   762.5	   774.0	   754.0	   762.0	         709592	     767.90	     772.25	     743.88	     666.33	           	           	           	           	
 2019/07/15	   762.0	   784.0	   754.5	   783.0	         770036	     772.70	     772.90	     748.83	     669.64	           	           	           	           	
 2019/07/16	   790.0	   816.5	   789.5	   800.5	        1347484	     776.40	     774.00	     754.08	     673.42	           	           	           	           	
 2019/07/17	   792.5	   802.0	   768.0	   785.0	        1533148	     778.00	     771.80	     757.95	     676.94	           	           	           	           	
 2019/07/18	   785.0	   790.5	   771.0	   771.5	         646446	     780.40	     771.70	     760.53	     680.25	           	           	           	           	
 2019/07/19	   771.5	   796.5	   766.0	   795.0	         857508	     787.00	     777.45	     764.38	     683.83	           	           	           	           	
 2019/07/22	   791.5	   791.5	   756.5	   757.0	        1026490	     781.80	     777.25	     765.58	     686.75	           	           	           	           	
 2019/07/23	   757.5	   773.5	   755.0	   758.5	         870504	     773.40	     774.90	     767.63	     689.84	           	           	           	           	
 2019/07/24	   755.0	   757.0	   718.5	   735.5	        1647206	     763.50	     770.75	     768.63	     692.59	           	           	           	           	
 2019/07/25	   734.0	   740.5	   724.0	   739.0	         987680	     757.00	     768.70	     769.42	     695.39	           	           	           	           	
 2019/07/26	   742.0	   764.5	   728.5	   764.0	        1710608	     750.80	     768.90	     770.58	     698.37	           	           	           	           	
 2019/07/29	   764.0	   764.5	   746.5	   750.5	        1058124	     749.50	     765.65	     769.28	     701.08	           	           	           	           	
 2019/07/30	   749.0	   780.0	   745.0	   771.5	        1341310	     752.10	     762.75	     768.38	     704.21	           	           	           	           	
 2019/07/31	   769.5	   789.5	   760.0	   763.0	        1788746	     757.60	     760.55	     766.17	     707.03	           	           	           	           	
 2019/08/01	   761.5	   767.5	   747.0	   747.5	        1763226	     759.30	     758.15	     764.92	     709.73	           	           	           	           	
 2019/08/02	   740.0	   743.0	   720.5	   724.5	        2053918	     751.40	     751.10	     764.28	     712.03	           	           	           	           	
 2019/08/05	   718.0	   729.0	   689.5	   689.5	        2603186	     739.20	     744.35	     760.80	     713.58	           	           	           	           	
 2019/08/06	   691.0	   707.0	   689.0	   693.5	        2226448	     723.60	     737.85	     756.38	     715.22	           	           	           	           	
 2019/08/07	   690.0	   701.0	   658.0	   660.5	        2884050	     703.10	     730.35	     750.55	     716.53	           	           	           	           	
 2019/08/08	   661.0	   673.5	   653.5	   660.5	        2028166	     685.70	     722.50	     745.60	     717.57	           	           	           	           	
 2019/08/09	   660.0	   666.0	   628.0	   639.0	        2665792	     668.60	     710.00	     739.45	     717.92	           	           	           	           	
 2019/08/12	   635.0	   643.5	   609.5	   638.5	        3056200	     658.40	     698.80	     732.22	     717.78	           	           	           	           	
 2019/08/13	   638.0	   643.0	   616.0	   627.5	        2904628	     645.20	     684.40	     723.58	     717.36	           	           	           	           	
 2019/08/14	   631.0	   646.0	   624.0	   631.5	        2783798	     639.40	     671.25	     715.90	     716.90	           	           	           	           	
 2019/08/15	   629.0	   639.5	   613.5	   618.0	        2889296	     630.90	     658.30	     708.22	     716.08	           	           	           	           	
 2019/08/16	   620.0	   633.5	   612.0	   626.5	        2189132	     628.40	     648.50	     699.80	     715.38	           	           	           	           	
 2019/08/19	   628.5	   636.5	   607.5	   617.0	        2017090	     624.10	     641.25	     692.80	     714.47	           	           	           	           	
 2019/08/20	   620.0	   622.0	   609.0	   609.0	        1499844	     620.40	     632.80	     685.33	     712.93	           	           	           	           	
 2019/08/21	   607.0	   609.5	   583.0	   589.5	        2535328	     612.00	     625.70	     678.03	     711.16	           	           	           	           	
 2019/08/22	   588.5	   605.0	   580.0	   600.0	        2767866	     608.40	     619.65	     671.08	     709.77	           	           	           	           	
 2019/08/23	   604.5	   615.5	   593.5	   613.0	        2765038	     605.70	     617.05	     663.53	     708.74	           	           	           	           	
 2019/08/26	   610.0	   618.5	   590.5	   593.5	        2799152	     601.00	     612.55	     655.67	     707.56	           	           	           	           	
 2019/08/27	   595.0	   603.5	   586.0	   586.0	        2323306	     596.40	     608.40	     646.40	     706.55	           	           	           	           	
 2019/08/28	   582.0	   591.0	   571.0	   588.0	        2616626	     596.10	     604.05	     637.65	     705.47	           	           	           	           	
 2019/08/29	   588.0	   592.5	   577.0	   580.0	        1902718	     592.10	     600.25	     629.28	     704.26	           	           	           	           	
 2019/08/30	   581.0	   608.5	   581.0	   607.5	        2801988	     591.00	     598.35	     623.42	     703.65	           	           	           	           	
 2019/09/02	   607.0	   630.0	   605.5	   630.0	        2672198	     598.30	     599.65	     620.45	     703.25	           	           	           	           	
 2019/09/03	   635.0	   644.0	   630.5	   637.5	        2242136	     608.60	     602.50	     617.65	     702.47	           	           	           	           	
 2019/09/04	   635.0	   649.0	   631.0	   644.5	        2546732	     619.90	     608.00	     616.85	     701.81	           	           	           	           	
 2019/09/05	   648.0	   663.5	   642.5	   647.0	        3069142	     633.30	     612.70	     616.17	     700.89	           	           	           	           	
 2019/09/06	   647.0	   658.0	   629.0	   629.0	        2638146	     637.60	     614.30	     615.67	     699.67	           	           	           	           	
 2019/09/09	   634.0	   656.0	   621.0	   655.5	        3410626	     642.70	     620.50	     616.53	     699.19	           	           	           	           	
 2019/09/10	   655.0	   660.0	   643.0	   655.5	        2384136	     646.30	     627.45	     617.92	     698.53	           	           	           	           	
 2019/09/11	   655.5	   665.0	   646.0	   661.0	        2853786	     649.60	     634.75	     619.40	     697.75	           	           	           	           	
 2019/09/12	   664.0	   681.0	   659.0	   680.0	        2379740	     656.20	     644.75	     622.50	     697.08	           	           	           	           	
 2019/09/16	   688.0	   690.0	   669.5	   670.5	        1505518	     664.50	     651.05	     624.70	     696.29	           	           	           	           	
 2019/09/17	   671.0	   676.0	   655.5	   665.5	        1818584	     666.50	     654.60	     627.13	     695.17	           	           	           	           	
 2019/09/18	   665.5	   680.0	   658.0	   661.0	        2505734	     667.60	     656.95	     629.72	     694.22	           	           	           	           	
 2019/09/19	   659.0	   663.0	   633.5	   637.5	        2980436	     662.90	     656.25	     632.13	     692.92	           	           	           	           	
 2019/09/20	   632.0	   639.0	   624.5	   635.0	        2200200	     653.90	     655.05	     633.88	     691.46	           	           	           	           	
 2019/09/23	   636.0	   649.0	   628.0	   647.5	        2494264	     649.30	     656.90	     635.60	     689.90	           	           	           	           	
 2019/09/24	   647.0	   648.5	   621.0	   622.5	        2740882	     640.70	     653.60	     637.05	     687.33	           	           	           	           	
 2019/09/25	   620.5	   628.5	   619.0	   624.5	        1406612	     633.40	     650.50	     638.97	     684.58	           	           	           	           	
 2019/09/26	   625.0	   642.0	   623.5	   637.0	        2832236	     633.30	     648.10	     641.42	     681.75	           	           	           	           	
 2019/09/27	   635.5	   646.5	   633.0	   642.5	        1838316	     634.80	     644.35	     644.55	     679.58	           	           	           	           	
 2019/09/30	   642.5	   663.5	   633.0	   655.5	        2052864	     636.40	     642.85	     646.95	     678.22	           	           	           	           	
 2019/10/08	   655.5	   667.5	   647.5	   657.0	        1183366	     643.30	     642.00	     648.30	     676.52	           	           	           	           	
 2019/10/09	   657.0	   660.0	   638.0	   638.5	        1557808	     646.10	     639.75	     648.35	     674.13	           	           	           	           	
 2019/10/10	   638.5	   659.0	   633.5	   657.5	        2138066	     650.20	     641.75	     649.00	     672.13	           	           	           	           	
 2019/10/11	   658.0	   661.5	   645.0	   658.0	        1973766	     653.30	     644.05	     649.55	     670.44	           	           	           	           	
 2019/10/14	   656.5	   662.5	   637.5	   638.5	        1936684	     649.90	     643.15	     650.03	     668.38	           	           	           	           	
 2019/10/15	   639.0	   646.0	   630.0	   644.0	        2072112	     647.30	     645.30	     649.45	     666.07	           	           	           	           	
 2019/10/16	   642.0	   644.0	   615.0	   617.0	        2315104	     643.00	     644.55	     647.53	     663.01	           	           	           	           	
 2019/10/17	   614.5	   617.5	   604.0	   615.0	        2088920	     634.50	     642.35	     645.22	     660.17	           	           	           	           	
 2019/10/18	   615.5	   619.5	   598.5	   616.0	        2318414	     626.10	     639.70	     642.03	     657.58	           	           	           	           	
 2019/10/21	   617.5	   619.5	   604.0	   614.0	        1911644	     621.20	     635.55	     639.20	     654.57	           	           	           	           	
数据来源:通达信
