                  焦煤2001 (JM2001)
      时间	    开盘	    最高	    最低	    收盘	         成交量	   MA.MA1   	   MA.MA2   	   MA.MA3   	   MA.MA4   	   MA.MA5   	   MA.MA6   	   MA.MA7   	   MA.MA8   	
 2019/01/16	  1259.0	  1280.5	  1259.0	  1280.5	             88	           	           	           	           	           	           	           	           	
 2019/01/17	  1280.5	  1282.5	  1276.5	  1281.0	            124	           	           	           	           	           	           	           	           	
 2019/01/18	  1281.0	  1291.0	  1281.0	  1289.5	             54	           	           	           	           	           	           	           	           	
 2019/01/21	  1293.5	  1294.5	  1268.5	  1273.0	            106	           	           	           	           	           	           	           	           	
 2019/01/22	  1266.0	  1283.0	  1266.0	  1268.0	             58	    1278.40	           	           	           	           	           	           	           	
 2019/01/23	  1272.0	  1286.0	  1266.0	  1278.5	             74	    1278.00	           	           	           	           	           	           	           	
 2019/01/24	  1286.0	  1286.0	  1275.0	  1275.0	             28	    1276.80	           	           	           	           	           	           	           	
 2019/01/25	  1271.0	  1271.0	  1269.5	  1270.0	             30	    1272.90	           	           	           	           	           	           	           	
 2019/01/28	  1282.0	  1287.5	  1281.0	  1287.5	             60	    1275.80	           	           	           	           	           	           	           	
 2019/01/29	  1272.5	  1275.5	  1265.0	  1268.0	             96	    1275.80	    1277.10	           	           	           	           	           	           	
 2019/01/30	  1270.5	  1282.5	  1268.5	  1269.0	             60	    1273.90	    1275.95	           	           	           	           	           	           	
 2019/01/31	  1267.0	  1324.0	  1266.0	  1319.0	            186	    1282.70	    1279.75	           	           	           	           	           	           	
 2019/02/01	  1322.0	  1333.0	  1314.0	  1328.0	             52	    1294.30	    1283.60	           	           	           	           	           	           	
 2019/02/11	  1355.0	  1355.0	  1321.5	  1330.0	             34	    1302.80	    1289.30	           	           	           	           	           	           	
 2019/02/12	  1337.0	  1346.5	  1333.0	  1338.0	             50	    1316.80	    1296.30	           	           	           	           	           	           	
 2019/02/13	  1341.0	  1347.0	  1318.0	  1323.5	             70	    1327.70	    1300.80	           	           	           	           	           	           	
 2019/02/14	  1325.5	  1332.5	  1314.5	  1319.0	             74	    1327.70	    1305.20	           	           	           	           	           	           	
 2019/02/15	  1315.5	  1329.0	  1314.0	  1322.0	            118	    1326.50	    1310.40	           	           	           	           	           	           	
 2019/02/18	  1323.0	  1323.0	  1305.0	  1314.5	            108	    1323.40	    1313.10	           	           	           	           	           	           	
 2019/02/19	  1314.5	  1314.5	  1305.0	  1309.5	             44	    1317.70	    1317.25	    1297.18	           	           	           	           	           	
 2019/02/20	  1315.0	  1318.5	  1305.5	  1318.0	             46	    1316.60	    1322.15	    1299.05	           	           	           	           	           	
 2019/02/21	  1333.0	  1342.0	  1331.0	  1333.0	            178	    1319.40	    1323.55	    1301.65	           	           	           	           	           	
 2019/02/22	  1349.0	  1350.0	  1347.5	  1350.0	             30	    1325.00	    1325.75	    1304.68	           	           	           	           	           	
 2019/02/25	  1341.5	  1358.0	  1341.5	  1351.0	             28	    1332.30	    1327.85	    1308.57	           	           	           	           	           	
 2019/02/26	  1350.0	  1362.5	  1343.0	  1350.0	             56	    1340.40	    1329.05	    1312.68	           	           	           	           	           	
 2019/02/27	  1347.5	  1363.0	  1345.5	  1350.0	             78	    1346.80	    1331.70	    1316.25	           	           	           	           	           	
 2019/02/28	  1355.0	  1357.0	  1346.5	  1355.5	             80	    1351.30	    1335.35	    1320.28	           	           	           	           	           	
 2019/03/01	  1355.5	  1365.5	  1348.5	  1365.5	            120	    1354.40	    1339.70	    1325.05	           	           	           	           	           	
 2019/03/04	  1362.0	  1370.0	  1340.5	  1342.5	             84	    1352.70	    1342.50	    1327.80	           	           	           	           	           	
 2019/03/05	  1345.0	  1349.0	  1330.0	  1335.0	            142	    1349.70	    1345.05	    1331.15	           	           	           	           	           	
 2019/03/06	  1338.5	  1342.0	  1329.0	  1332.0	             72	    1346.10	    1346.45	    1334.30	           	           	           	           	           	
 2019/03/07	  1338.5	  1338.5	  1330.0	  1335.0	             64	    1342.00	    1346.65	    1335.10	           	           	           	           	           	
 2019/03/08	  1336.5	  1336.5	  1310.0	  1310.0	            164	    1330.90	    1342.65	    1334.20	           	           	           	           	           	
 2019/03/11	  1300.5	  1312.0	  1278.0	  1280.0	            654	    1318.40	    1335.55	    1331.70	           	           	           	           	           	
 2019/03/12	  1277.0	  1296.5	  1277.0	  1295.0	            178	    1310.40	    1330.05	    1329.55	           	           	           	           	           	
 2019/03/13	  1295.0	  1307.0	  1294.0	  1296.0	            146	    1303.20	    1324.65	    1328.18	           	           	           	           	           	
 2019/03/14	  1293.0	  1301.5	  1288.0	  1288.0	            172	    1293.80	    1317.90	    1326.63	           	           	           	           	           	
 2019/03/15	  1299.0	  1303.0	  1289.0	  1295.0	            158	    1290.80	    1310.85	    1325.28	           	           	           	           	           	
 2019/03/18	  1295.0	  1295.0	  1288.0	  1288.0	            128	    1292.40	    1305.40	    1323.95	           	           	           	           	           	
 2019/03/19	  1293.5	  1300.0	  1285.0	  1285.0	            108	    1290.40	    1300.40	    1322.72	           	           	           	           	           	
 2019/03/20	  1289.0	  1291.0	  1277.0	  1278.0	            366	    1286.80	    1295.00	    1320.72	           	           	           	           	           	
 2019/03/21	  1278.0	  1290.0	  1278.0	  1279.5	            152	    1285.10	    1289.45	    1318.05	           	           	           	           	           	
 2019/03/22	  1285.0	  1296.5	  1283.0	  1290.0	             94	    1284.10	    1287.45	    1315.05	           	           	           	           	           	
 2019/03/25	  1291.0	  1301.0	  1288.5	  1288.5	            152	    1284.20	    1288.30	    1311.93	           	           	           	           	           	
 2019/03/26	  1290.5	  1294.5	  1286.0	  1291.5	             92	    1285.50	    1287.95	    1309.00	           	           	           	           	           	
 2019/03/27	  1295.0	  1301.0	  1280.0	  1285.0	            104	    1286.90	    1286.85	    1305.75	           	           	           	           	           	
 2019/03/28	  1285.0	  1295.0	  1285.0	  1287.5	             50	    1288.50	    1286.80	    1302.35	           	           	           	           	           	
 2019/03/29	  1286.0	  1291.5	  1281.5	  1288.0	            132	    1288.10	    1286.10	    1298.47	           	           	           	           	           	
 2019/04/01	  1289.5	  1305.0	  1279.0	  1302.0	            290	    1290.80	    1287.50	    1296.45	           	           	           	           	           	
 2019/04/02	  1298.0	  1304.0	  1291.5	  1292.0	            206	    1290.90	    1288.20	    1294.30	           	           	           	           	           	
 2019/04/03	  1289.5	  1300.0	  1289.0	  1297.0	             94	    1293.30	    1290.10	    1292.55	           	           	           	           	           	
 2019/04/04	  1295.5	  1303.0	  1291.5	  1300.0	            138	    1295.80	    1292.15	    1290.80	           	           	           	           	           	
 2019/04/08	  1303.0	  1325.0	  1303.0	  1325.0	            222	    1303.20	    1295.65	    1291.55	           	           	           	           	           	
 2019/04/09	  1324.0	  1324.0	  1298.0	  1303.0	            116	    1303.40	    1297.10	    1292.70	           	           	           	           	           	
 2019/04/10	  1301.5	  1301.5	  1285.0	  1288.5	            356	    1302.70	    1296.80	    1292.38	           	           	           	           	           	
 2019/04/11	  1288.0	  1295.0	  1269.0	  1282.0	            588	    1299.70	    1296.50	    1291.68	           	           	           	           	           	
 2019/04/12	  1285.0	  1291.0	  1275.5	  1288.0	            438	    1297.30	    1296.55	    1291.68	           	           	           	           	           	
 2019/04/15	  1293.0	  1303.0	  1285.0	  1295.0	            418	    1291.30	    1297.25	    1291.68	           	           	           	           	           	
 2019/04/16	  1295.0	  1296.5	  1285.0	  1290.5	            428	    1288.80	    1296.10	    1291.80	           	           	           	           	           	
 2019/04/17	  1295.5	  1295.5	  1285.0	  1294.5	            298	    1290.00	    1296.35	    1292.28	    1304.06	           	           	           	           	
 2019/04/18	  1295.0	  1300.0	  1286.0	  1292.0	            558	    1292.00	    1295.85	    1292.97	    1304.25	           	           	           	           	
 2019/04/19	  1292.0	  1307.0	  1287.0	  1307.0	            770	    1295.80	    1296.55	    1294.35	    1304.68	           	           	           	           	
 2019/04/22	  1306.0	  1313.0	  1300.5	  1302.0	            550	    1297.20	    1294.25	    1294.95	    1304.89	           	           	           	           	
 2019/04/23	  1305.5	  1312.0	  1302.0	  1307.0	            244	    1300.50	    1294.65	    1295.88	    1305.46	           	           	           	           	
 2019/04/24	  1305.5	  1318.0	  1304.0	  1318.0	            450	    1305.20	    1297.60	    1297.20	    1306.29	           	           	           	           	
 2019/04/25	  1319.0	  1322.5	  1314.0	  1315.0	            710	    1309.80	    1300.90	    1298.70	    1306.90	           	           	           	           	
 2019/04/26	  1316.0	  1324.5	  1306.5	  1312.0	            612	    1310.80	    1303.30	    1299.93	    1307.52	           	           	           	           	
 2019/04/29	  1314.5	  1323.0	  1305.5	  1315.5	            474	    1313.50	    1305.35	    1301.30	    1308.28	           	           	           	           	
 2019/04/30	  1315.5	  1321.0	  1311.0	  1316.0	            748	    1315.30	    1307.90	    1302.00	    1308.75	           	           	           	           	
 2019/05/06	  1314.5	  1331.0	  1313.5	  1325.0	           1464	    1316.70	    1310.95	    1303.65	    1309.70	           	           	           	           	
 2019/05/07	  1325.0	  1342.0	  1323.5	  1334.0	           1470	    1320.50	    1315.15	    1305.50	    1310.78	           	           	           	           	
 2019/05/08	  1334.0	  1337.0	  1328.0	  1329.0	           1384	    1323.90	    1317.35	    1306.95	    1310.95	           	           	           	           	
 2019/05/09	  1327.5	  1329.0	  1315.0	  1317.5	           1382	    1324.30	    1318.90	    1306.57	    1310.78	           	           	           	           	
 2019/05/10	  1314.5	  1322.0	  1311.5	  1322.0	           1910	    1325.50	    1320.40	    1307.53	    1310.64	           	           	           	           	
 2019/05/13	  1322.0	  1325.0	  1313.5	  1313.5	           1268	    1323.20	    1319.95	    1308.78	    1310.23	           	           	           	           	
 2019/05/14	  1314.0	  1321.5	  1298.5	  1301.5	           2580	    1316.70	    1318.60	    1309.75	    1309.87	           	           	           	           	
 2019/05/15	  1301.0	  1332.0	  1300.0	  1331.0	           1906	    1317.10	    1320.50	    1311.90	    1310.07	           	           	           	           	
 2019/05/16	  1326.5	  1335.0	  1319.0	  1330.0	           1728	    1319.60	    1321.95	    1313.65	    1310.20	           	           	           	           	
 2019/05/17	  1330.0	  1348.5	  1330.0	  1347.0	           2660	    1324.60	    1325.05	    1316.47	    1310.74	           	           	           	           	
 2019/05/20	  1341.0	  1353.0	  1336.5	  1339.5	           1992	    1329.80	    1326.50	    1318.72	    1311.24	           	           	           	           	
 2019/05/21	  1340.0	  1356.0	  1331.0	  1350.5	           3378	    1339.60	    1328.15	    1321.65	    1311.78	           	           	           	           	
 2019/05/22	  1355.5	  1372.0	  1335.0	  1338.5	           6258	    1341.10	    1329.10	    1323.22	    1311.88	           	           	           	           	
 2019/05/23	  1336.5	  1355.0	  1330.0	  1347.0	           3150	    1344.50	    1332.05	    1325.47	    1311.82	           	           	           	           	
 2019/05/24	  1341.0	  1382.5	  1341.0	  1379.5	           7362	    1351.00	    1337.80	    1329.10	    1312.30	           	           	           	           	
 2019/05/27	  1381.0	  1391.5	  1355.0	  1357.0	           7018	    1354.50	    1342.15	    1331.05	    1312.42	           	           	           	           	
 2019/05/28	  1357.0	  1370.5	  1350.5	  1351.5	           4686	    1354.70	    1347.15	    1332.88	    1312.44	           	           	           	           	
 2019/05/29	  1350.5	  1362.5	  1348.0	  1360.5	           2970	    1359.10	    1350.10	    1335.30	    1312.53	           	           	           	           	
 2019/05/30	  1360.5	  1384.0	  1357.5	  1365.5	           5752	    1362.80	    1353.65	    1337.80	    1312.53	           	           	           	           	
 2019/05/31	  1365.0	  1377.5	  1348.0	  1348.0	           5536	    1356.50	    1353.75	    1339.40	    1312.62	           	           	           	           	
 2019/06/03	  1348.0	  1352.5	  1333.0	  1334.5	           7558	    1352.00	    1353.25	    1339.88	    1312.61	           	           	           	           	
 2019/06/04	  1338.5	  1350.5	  1334.0	  1346.5	           2976	    1351.00	    1352.85	    1340.50	    1312.85	           	           	           	           	
 2019/06/05	  1345.0	  1348.0	  1338.5	  1342.0	           1846	    1347.30	    1353.20	    1341.15	    1312.97	           	           	           	           	
 2019/06/06	  1340.0	  1359.0	  1331.0	  1350.0	           5732	    1344.20	    1353.50	    1342.78	    1313.63	           	           	           	           	
 2019/06/10	  1350.5	  1369.0	  1344.5	  1369.0	           4150	    1348.40	    1352.45	    1345.13	    1315.12	           	           	           	           	
 2019/06/11	  1369.0	  1383.0	  1356.5	  1382.5	           7194	    1358.00	    1355.00	    1348.57	    1316.57	           	           	           	           	
 2019/06/12	  1380.5	  1382.5	  1357.0	  1358.0	           4708	    1360.30	    1355.65	    1351.40	    1317.61	           	           	           	           	
 2019/06/13	  1356.5	  1366.5	  1354.0	  1365.0	           3988	    1364.90	    1356.10	    1353.10	    1318.89	           	           	           	           	
 2019/06/14	  1367.0	  1372.0	  1350.0	  1350.0	           2658	    1364.90	    1354.55	    1354.10	    1319.81	           	           	           	           	
 2019/06/17	  1346.5	  1357.5	  1342.5	  1343.5	           5236	    1359.80	    1354.10	    1353.93	    1320.73	           	           	           	           	
 2019/06/18	  1343.5	  1345.5	  1336.5	  1344.0	           4440	    1352.10	    1355.05	    1354.15	    1321.72	           	           	           	           	
 2019/06/19	  1344.0	  1358.5	  1338.5	  1347.5	           4752	    1350.00	    1355.15	    1354.00	    1322.88	           	           	           	           	
 2019/06/20	  1345.0	  1363.5	  1345.0	  1352.5	           4158	    1347.50	    1356.20	    1354.70	    1324.09	           	           	           	           	
 2019/06/21	  1354.0	  1354.0	  1340.5	  1349.0	           4788	    1347.30	    1356.10	    1354.80	    1325.07	           	           	           	           	
 2019/06/24	  1348.0	  1355.0	  1335.0	  1340.0	           7634	    1346.60	    1353.20	    1352.82	    1325.93	           	           	           	           	
 2019/06/25	  1344.0	  1354.0	  1338.5	  1351.5	           5076	    1348.10	    1350.10	    1352.55	    1326.93	           	           	           	           	
 2019/06/26	  1350.0	  1366.0	  1349.0	  1353.5	           7638	    1349.30	    1349.65	    1352.65	    1328.07	           	           	           	           	
 2019/06/27	  1354.5	  1368.5	  1344.5	  1346.0	          10754	    1348.00	    1347.75	    1351.93	    1329.05	           	           	           	           	
 2019/06/28	  1353.5	  1365.0	  1346.0	  1359.5	           4916	    1350.10	    1348.70	    1351.63	    1330.24	           	           	           	           	
 2019/07/01	  1368.0	  1372.0	  1350.5	  1371.5	           6302	    1356.40	    1351.50	    1352.80	    1331.40	           	           	           	           	
 2019/07/02	  1370.0	  1376.5	  1364.5	  1370.0	           3810	    1360.10	    1354.10	    1354.57	    1332.70	           	           	           	           	
 2019/07/03	  1369.5	  1373.5	  1350.0	  1351.0	           9056	    1359.60	    1354.45	    1354.80	    1333.60	           	           	           	           	
 2019/07/04	  1351.0	  1360.0	  1345.0	  1359.5	          10866	    1362.30	    1355.15	    1355.68	    1334.59	           	           	           	           	
 2019/07/05	  1363.0	  1363.0	  1348.0	  1351.0	           7140	    1360.60	    1355.35	    1355.72	    1335.03	           	           	           	           	
 2019/07/08	  1349.0	  1357.0	  1349.0	  1353.5	           5688	    1357.00	    1356.70	    1354.95	    1335.87	           	           	           	           	
 2019/07/09	  1354.0	  1368.0	  1354.0	  1357.5	           6790	    1354.50	    1357.30	    1353.70	    1337.02	           	           	           	           	
 2019/07/10	  1357.0	  1359.0	  1350.0	  1358.5	           6832	    1356.00	    1357.80	    1353.72	    1338.29	           	           	           	           	
 2019/07/11	  1355.0	  1381.0	  1353.0	  1371.5	          11568	    1358.40	    1360.35	    1354.05	    1339.68	           	           	           	           	
 2019/07/12	  1372.0	  1385.0	  1370.0	  1374.0	          10000	    1363.00	    1361.80	    1355.25	    1341.00	           	           	           	           	
 2019/07/15	  1372.0	  1387.5	  1365.5	  1377.0	           6196	    1367.70	    1362.35	    1356.93	    1342.44	           	           	           	           	
 2019/07/16	  1373.0	  1398.0	  1373.0	  1397.5	           8898	    1375.70	    1365.10	    1359.60	    1344.16	           	           	           	           	
 2019/07/17	  1398.0	  1408.0	  1393.0	  1405.0	           9246	    1385.00	    1370.50	    1362.47	    1346.04	           	           	           	           	
 2019/07/18	  1400.0	  1411.5	  1396.0	  1407.0	           9336	    1392.10	    1375.25	    1365.20	    1347.71	           	           	           	           	
 2019/07/19	  1410.0	  1410.0	  1385.5	  1402.5	           9118	    1397.80	    1380.40	    1367.88	    1349.38	           	           	           	           	
 2019/07/22	  1397.0	  1403.0	  1380.5	  1381.0	           7188	    1398.60	    1383.15	    1369.93	    1350.62	           	           	           	           	
 2019/07/23	  1380.0	  1388.0	  1379.5	  1381.5	           5974	    1395.40	    1385.55	    1371.43	    1351.68	           	           	           	           	
 2019/07/24	  1382.0	  1395.5	  1374.5	  1392.0	          13350	    1392.80	    1388.90	    1373.35	    1352.96	           	           	           	           	
 2019/07/25	  1392.0	  1395.5	  1389.0	  1394.0	           5898	    1390.20	    1391.15	    1375.75	    1354.32	           	           	           	           	
 2019/07/26	  1393.0	  1406.5	  1390.5	  1406.0	          16532	    1390.90	    1394.35	    1378.07	    1355.83	           	           	           	           	
 2019/07/29	  1404.0	  1405.5	  1385.5	  1389.0	          11928	    1392.50	    1395.55	    1378.95	    1357.05	           	           	           	           	
 2019/07/30	  1386.0	  1396.0	  1379.0	  1388.0	          10930	    1393.80	    1394.60	    1379.85	    1358.10	           	           	           	           	
 2019/07/31	  1386.0	  1399.0	  1386.0	  1390.0	          11386	    1393.40	    1393.10	    1381.80	    1359.03	           	           	           	           	
 2019/08/01	  1392.5	  1392.5	  1380.0	  1382.5	          19394	    1391.10	    1390.65	    1382.95	    1359.93	           	           	           	           	
 2019/08/02	  1376.0	  1382.5	  1352.0	  1361.5	          42066	    1382.20	    1386.55	    1383.47	    1360.66	           	           	           	           	
 2019/08/05	  1361.5	  1365.0	  1342.0	  1343.5	          27634	    1373.10	    1382.80	    1382.97	    1361.02	           	           	           	           	
 2019/08/06	  1341.5	  1351.5	  1339.0	  1346.0	          23298	    1364.70	    1379.25	    1382.40	    1361.56	           	           	           	           	
 2019/08/07	  1350.0	  1350.0	  1324.0	  1326.0	          46772	    1351.90	    1372.65	    1380.78	    1361.97	           	           	           	           	
 2019/08/08	  1326.0	  1335.0	  1319.5	  1329.0	          33344	    1341.20	    1366.15	    1378.65	    1361.93	           	           	           	           	
 2019/08/09	  1327.0	  1334.0	  1304.5	  1318.5	          46446	    1332.60	    1357.40	    1375.88	    1361.74	           	           	           	           	
 2019/08/12	  1315.0	  1339.5	  1311.5	  1335.0	          42484	    1330.90	    1352.00	    1373.78	    1361.54	           	           	           	           	
 2019/08/13	  1335.0	  1344.0	  1310.5	  1328.0	          45606	    1327.30	    1346.00	    1370.30	    1361.35	           	           	           	           	
 2019/08/14	  1323.0	  1350.0	  1309.5	  1313.0	          79052	    1324.70	    1338.30	    1365.70	    1360.72	           	           	           	           	
 2019/08/15	  1308.0	  1334.0	  1307.5	  1328.0	          59980	    1324.50	    1332.85	    1361.75	    1360.55	           	           	           	           	
 2019/08/16	  1333.0	  1337.5	  1325.5	  1328.5	          33762	    1326.50	    1329.55	    1358.05	    1360.24	           	           	           	           	
 2019/08/19	  1331.0	  1344.0	  1327.0	  1338.5	          51248	    1327.20	    1329.05	    1355.93	    1359.56	           	           	           	           	
 2019/08/20	  1334.5	  1342.0	  1334.5	  1338.0	          42042	    1329.20	    1328.25	    1353.75	    1359.24	           	           	           	           	
 2019/08/21	  1337.0	  1340.5	  1310.0	  1325.5	         138182	    1331.70	    1328.20	    1350.43	    1358.81	           	           	           	           	
 2019/08/22	  1319.5	  1336.0	  1315.0	  1334.0	          90282	    1332.90	    1328.70	    1347.43	    1358.37	           	           	           	           	
 2019/08/23	  1336.5	  1338.0	  1324.0	  1328.5	          69588	    1332.90	    1329.70	    1343.55	    1357.75	           	           	           	           	
 2019/08/26	  1328.5	  1334.5	  1297.5	  1301.0	         145572	    1325.40	    1326.30	    1339.15	    1356.97	           	           	           	           	
 2019/08/27	  1301.0	  1308.5	  1295.0	  1298.5	         107692	    1317.50	    1323.35	    1334.68	    1356.37	           	           	           	           	
 2019/08/28	  1297.0	  1307.5	  1280.5	  1305.0	         168186	    1313.40	    1322.55	    1330.43	    1355.68	           	           	           	           	
 2019/08/29	  1308.0	  1308.0	  1290.0	  1290.5	          75056	    1304.70	    1318.80	    1325.82	    1354.82	           	           	           	           	
 2019/08/30	  1291.0	  1310.0	  1288.0	  1308.0	          96284	    1300.60	    1316.75	    1323.15	    1354.12	           	           	           	           	
 2019/09/02	  1307.0	  1317.5	  1300.0	  1315.5	          97698	    1303.50	    1314.45	    1321.75	    1353.22	           	           	           	           	
 2019/09/03	  1313.0	  1316.0	  1303.5	  1309.0	          61568	    1305.60	    1311.55	    1319.90	    1352.00	           	           	           	           	
 2019/09/04	  1310.0	  1320.0	  1306.5	  1319.0	          77690	    1308.40	    1310.90	    1319.55	    1351.35	           	           	           	           	
 2019/09/05	  1320.0	  1340.5	  1315.0	  1327.5	         127688	    1315.80	    1310.25	    1319.47	    1350.72	           	           	           	           	
 2019/09/06	  1328.0	  1336.0	  1322.5	  1323.0	          70318	    1318.80	    1309.70	    1319.70	    1350.28	           	           	           	           	
 2019/09/09	  1325.0	  1347.5	  1322.0	  1343.5	          97502	    1324.40	    1313.95	    1320.13	    1350.28	           	           	           	           	
 2019/09/10	  1345.0	  1345.5	  1335.0	  1337.5	          64900	    1330.10	    1317.85	    1320.60	    1350.17	           	           	           	           	
 2019/09/11	  1336.0	  1361.5	  1335.5	  1350.0	         119098	    1336.30	    1322.35	    1322.45	    1350.21	           	           	           	           	
 2019/09/12	  1351.0	  1360.0	  1348.0	  1358.0	          87486	    1342.40	    1329.10	    1323.95	    1350.30	           	           	           	           	
 2019/09/16	  1359.5	  1365.0	  1348.0	  1357.5	          76264	    1349.30	    1334.05	    1325.40	    1350.44	           	           	           	           	
 2019/09/17	  1357.5	  1358.0	  1343.5	  1346.0	          81088	    1349.80	    1337.10	    1325.78	    1350.54	           	           	           	           	
 2019/09/18	  1346.0	  1348.0	  1331.5	  1334.0	         103754	    1349.10	    1339.60	    1325.57	    1350.25	           	           	           	           	
 2019/09/19	  1333.0	  1335.5	  1319.0	  1319.0	         115292	    1342.90	    1339.60	    1325.25	    1349.68	           	           	           	           	
 2019/09/20	  1319.0	  1330.5	  1284.5	  1296.0	         241598	    1330.50	    1336.45	    1323.35	    1348.84	           	           	           	           	
 2019/09/23	  1297.0	  1307.0	  1286.5	  1300.0	         172152	    1319.00	    1334.15	    1321.93	    1347.85	           	           	           	           	
 2019/09/24	  1296.0	  1301.0	  1243.0	  1245.5	         286358	    1298.90	    1324.35	    1319.15	    1345.75	           	           	           	           	
 2019/09/25	  1245.5	  1259.0	  1231.5	  1256.0	         249430	    1283.30	    1316.20	    1317.03	    1343.85	           	           	           	           	
 2019/09/26	  1251.0	  1268.0	  1242.0	  1253.0	         211562	    1270.10	    1306.50	    1314.43	    1342.22	           	           	           	           	
 2019/09/27	  1255.0	  1255.0	  1233.5	  1236.0	         163368	    1258.10	    1294.30	    1311.70	    1340.16	           	           	           	           	
 2019/09/30	  1234.0	  1265.0	  1222.0	  1244.0	         215204	    1246.90	    1282.95	    1308.50	    1338.38	           	           	           	           	
 2019/10/08	  1270.0	  1282.5	  1250.0	  1260.0	         137088	    1249.80	    1274.35	    1305.72	    1336.82	           	           	           	           	
 2019/10/09	  1260.0	  1268.5	  1237.5	  1251.0	         183962	    1248.80	    1266.05	    1302.82	    1335.04	           	           	           	           	
 2019/10/10	  1249.5	  1256.0	  1243.5	  1253.5	         108444	    1248.90	    1259.50	    1299.55	    1333.29	           	           	           	           	
 2019/10/11	  1250.5	  1255.5	  1239.0	  1250.0	         117918	    1251.70	    1254.90	    1295.68	    1331.27	           	           	           	           	
 2019/10/14	  1250.0	  1258.0	  1232.5	  1233.0	         153584	    1249.50	    1248.20	    1291.18	    1328.92	           	           	           	           	
 2019/10/15	  1234.0	  1245.5	  1224.0	  1242.0	         194664	    1245.90	    1247.85	    1286.10	    1326.67	           	           	           	           	
 2019/10/16	  1240.0	  1241.0	  1205.0	  1217.0	         198812	    1239.10	    1243.95	    1280.07	    1323.66	           	           	           	           	
 2019/10/17	  1217.0	  1238.0	  1217.0	  1236.5	         161720	    1235.70	    1242.30	    1274.40	    1320.85	           	           	           	           	
 2019/10/18	  1235.0	  1245.5	  1222.0	  1239.5	         189284	    1233.60	    1242.65	    1268.47	    1318.06	           	           	           	           	
 2019/10/21	  1238.5	  1245.0	  1230.5	  1237.0	         109096	    1234.40	    1241.95	    1262.45	    1315.30	           	           	           	           	
数据来源:通达信
