                  螺纹2001 (RB2001)
      时间	    开盘	    最高	    最低	    收盘	         成交量	   MA.MA1   	   MA.MA2   	   MA.MA3   	   MA.MA4   	   MA.MA5   	   MA.MA6   	   MA.MA7   	   MA.MA8   	
 2019/01/16	    3200	    3220	    3195	    3205	          13588	           	           	           	           	           	           	           	           	
 2019/01/17	    3209	    3236	    3201	    3225	           8398	           	           	           	           	           	           	           	           	
 2019/01/18	    3225	    3298	    3203	    3298	          12568	           	           	           	           	           	           	           	           	
 2019/01/21	    3300	    3328	    3295	    3319	          13696	           	           	           	           	           	           	           	           	
 2019/01/22	    3319	    3343	    3294	    3295	          18050	    3268.40	           	           	           	           	           	           	           	
 2019/01/23	    3298	    3314	    3275	    3281	          10880	    3283.60	           	           	           	           	           	           	           	
 2019/01/24	    3285	    3309	    3284	    3306	          12132	    3299.80	           	           	           	           	           	           	           	
 2019/01/25	    3305	    3349	    3302	    3321	          14058	    3304.40	           	           	           	           	           	           	           	
 2019/01/28	    3322	    3345	    3307	    3308	          12384	    3302.20	           	           	           	           	           	           	           	
 2019/01/29	    3309	    3318	    3285	    3297	          10296	    3302.60	    3285.50	           	           	           	           	           	           	
 2019/01/30	    3300	    3362	    3292	    3305	          24516	    3307.40	    3295.50	           	           	           	           	           	           	
 2019/01/31	    3315	    3332	    3300	    3323	          12966	    3310.80	    3305.30	           	           	           	           	           	           	
 2019/02/01	    3325	    3340	    3316	    3338	          15642	    3314.20	    3309.30	           	           	           	           	           	           	
 2019/02/11	    3389	    3436	    3371	    3375	          28868	    3327.60	    3314.90	           	           	           	           	           	           	
 2019/02/12	    3381	    3398	    3358	    3366	          24672	    3341.40	    3322.00	           	           	           	           	           	           	
 2019/02/13	    3368	    3381	    3320	    3325	          26982	    3345.40	    3326.40	           	           	           	           	           	           	
 2019/02/14	    3328	    3338	    3300	    3305	          30440	    3341.80	    3326.30	           	           	           	           	           	           	
 2019/02/15	    3303	    3312	    3234	    3244	          40178	    3323.00	    3318.60	           	           	           	           	           	           	
 2019/02/18	    3250	    3309	    3250	    3295	          38256	    3307.00	    3317.30	           	           	           	           	           	           	
 2019/02/19	    3301	    3330	    3301	    3317	          33240	    3297.20	    3319.30	    3302.40	           	           	           	           	           	
 2019/02/20	    3320	    3322	    3268	    3303	          41818	    3292.80	    3319.10	    3307.30	           	           	           	           	           	
 2019/02/21	    3306	    3340	    3300	    3328	          29594	    3297.40	    3319.60	    3312.45	           	           	           	           	           	
 2019/02/22	    3330	    3375	    3310	    3372	          33422	    3323.00	    3323.00	    3316.15	           	           	           	           	           	
 2019/02/25	    3379	    3408	    3342	    3345	          35390	    3333.00	    3320.00	    3317.45	           	           	           	           	           	
 2019/02/26	    3349	    3380	    3329	    3376	          30420	    3344.80	    3321.00	    3321.50	           	           	           	           	           	
 2019/02/27	    3372	    3382	    3350	    3361	          21006	    3356.40	    3324.60	    3325.50	           	           	           	           	           	
 2019/02/28	    3361	    3380	    3345	    3367	          30000	    3364.20	    3330.80	    3328.55	           	           	           	           	           	
 2019/03/01	    3370	    3412	    3367	    3407	          34164	    3371.20	    3347.10	    3332.85	           	           	           	           	           	
 2019/03/04	    3403	    3448	    3403	    3418	          40916	    3385.80	    3359.40	    3338.35	           	           	           	           	           	
 2019/03/05	    3418	    3427	    3369	    3395	          42314	    3389.60	    3367.20	    3343.25	           	           	           	           	           	
 2019/03/06	    3395	    3406	    3360	    3362	          29014	    3389.80	    3373.10	    3346.10	           	           	           	           	           	
 2019/03/07	    3361	    3414	    3360	    3407	          28008	    3397.80	    3381.00	    3350.30	           	           	           	           	           	
 2019/03/08	    3405	    3409	    3365	    3370	          32570	    3390.40	    3380.80	    3351.90	           	           	           	           	           	
 2019/03/11	    3360	    3360	    3288	    3297	          65244	    3366.20	    3376.00	    3348.00	           	           	           	           	           	
 2019/03/12	    3305	    3360	    3299	    3358	          46944	    3358.80	    3374.20	    3347.60	           	           	           	           	           	
 2019/03/13	    3360	    3373	    3340	    3342	          30112	    3354.80	    3372.30	    3348.45	           	           	           	           	           	
 2019/03/14	    3335	    3348	    3314	    3323	          57248	    3338.00	    3367.90	    3349.35	           	           	           	           	           	
 2019/03/15	    3329	    3334	    3300	    3309	          50434	    3325.80	    3358.10	    3352.60	           	           	           	           	           	
 2019/03/18	    3310	    3328	    3293	    3315	          45260	    3329.40	    3347.80	    3353.60	           	           	           	           	           	
 2019/03/19	    3319	    3340	    3311	    3318	          33028	    3321.40	    3340.10	    3353.65	           	           	           	           	           	
 2019/03/20	    3321	    3338	    3305	    3320	          36292	    3317.00	    3335.90	    3354.50	           	           	           	           	           	
 2019/03/21	    3315	    3351	    3314	    3323	          36954	    3317.00	    3327.50	    3354.25	           	           	           	           	           	
 2019/03/22	    3320	    3335	    3310	    3329	          30372	    3321.00	    3323.40	    3352.10	           	           	           	           	           	
 2019/03/25	    3328	    3336	    3292	    3293	          35330	    3316.60	    3323.00	    3349.50	           	           	           	           	           	
 2019/03/26	    3292	    3300	    3255	    3269	          62806	    3306.80	    3314.10	    3344.15	           	           	           	           	           	
 2019/03/27	    3270	    3278	    3255	    3258	          30042	    3294.40	    3305.70	    3339.00	           	           	           	           	           	
 2019/03/28	    3254	    3268	    3233	    3238	          46390	    3277.40	    3297.20	    3332.55	           	           	           	           	           	
 2019/03/29	    3236	    3300	    3219	    3291	          73514	    3269.80	    3295.40	    3326.75	           	           	           	           	           	
 2019/04/01	    3304	    3319	    3270	    3315	          80626	    3274.20	    3295.40	    3321.60	           	           	           	           	           	
 2019/04/02	    3312	    3373	    3300	    3362	          91344	    3292.80	    3299.80	    3319.95	           	           	           	           	           	
 2019/04/03	    3355	    3408	    3352	    3398	         102200	    3320.80	    3307.60	    3321.75	           	           	           	           	           	
 2019/04/04	    3401	    3419	    3373	    3401	          58612	    3353.40	    3315.40	    3321.45	           	           	           	           	           	
 2019/04/08	    3420	    3537	    3412	    3514	         110822	    3398.00	    3333.90	    3328.65	           	           	           	           	           	
 2019/04/09	    3518	    3568	    3510	    3530	         110234	    3441.00	    3357.60	    3340.30	           	           	           	           	           	
 2019/04/10	    3523	    3541	    3506	    3537	          66648	    3476.00	    3384.40	    3349.25	           	           	           	           	           	
 2019/04/11	    3531	    3558	    3511	    3557	          74628	    3507.80	    3414.30	    3360.00	           	           	           	           	           	
 2019/04/12	    3558	    3574	    3502	    3546	         133804	    3536.80	    3445.10	    3371.15	           	           	           	           	           	
 2019/04/15	    3555	    3589	    3554	    3584	         112122	    3550.80	    3474.40	    3384.90	           	           	           	           	           	
 2019/04/16	    3576	    3587	    3536	    3542	          76824	    3553.20	    3497.10	    3396.25	           	           	           	           	           	
 2019/04/17	    3550	    3558	    3520	    3550	          74350	    3555.80	    3515.90	    3407.85	    3354.63	           	           	           	           	
 2019/04/18	    3549	    3549	    3462	    3465	         102126	    3537.40	    3522.60	    3415.10	    3358.97	           	           	           	           	
 2019/04/19	    3460	    3499	    3446	    3494	         100746	    3527.00	    3531.90	    3423.65	    3363.45	           	           	           	           	
 2019/04/22	    3495	    3569	    3495	    3518	         154042	    3513.80	    3532.30	    3433.10	    3367.12	           	           	           	           	
 2019/04/23	    3517	    3544	    3510	    3511	          78984	    3507.60	    3530.40	    3444.00	    3370.32	           	           	           	           	
 2019/04/24	    3506	    3506	    3475	    3482	          91342	    3494.00	    3524.90	    3454.65	    3373.43	           	           	           	           	
 2019/04/25	    3480	    3524	    3466	    3467	         114574	    3494.40	    3515.90	    3465.10	    3376.53	           	           	           	           	
 2019/04/26	    3461	    3501	    3461	    3484	         101714	    3492.40	    3509.70	    3477.40	    3379.50	           	           	           	           	
 2019/04/29	    3479	    3508	    3476	    3503	         115758	    3489.40	    3501.60	    3488.00	    3382.53	           	           	           	           	
 2019/04/30	    3516	    3550	    3508	    3543	         166666	    3495.80	    3501.70	    3499.40	    3386.45	           	           	           	           	
 2019/05/06	    3465	    3500	    3446	    3483	         139254	    3496.00	    3495.00	    3505.45	    3389.55	           	           	           	           	
 2019/05/07	    3484	    3523	    3479	    3487	         180154	    3500.00	    3497.20	    3509.90	    3392.58	           	           	           	           	
 2019/05/08	    3485	    3486	    3452	    3460	         137078	    3495.20	    3493.80	    3512.85	    3394.87	           	           	           	           	
 2019/05/09	    3450	    3468	    3438	    3466	         157968	    3487.80	    3488.60	    3510.45	    3397.00	           	           	           	           	
 2019/05/10	    3456	    3480	    3447	    3473	         149384	    3473.80	    3484.80	    3507.60	    3398.63	           	           	           	           	
 2019/05/13	    3473	    3486	    3430	    3430	         167396	    3463.20	    3479.60	    3502.25	    3399.70	           	           	           	           	
 2019/05/14	    3429	    3451	    3400	    3406	         228660	    3447.00	    3473.50	    3494.70	    3401.05	           	           	           	           	
 2019/05/15	    3405	    3429	    3380	    3423	         247284	    3439.60	    3467.40	    3488.55	    3403.02	           	           	           	           	
 2019/05/16	    3430	    3478	    3418	    3470	         300744	    3440.40	    3464.10	    3482.85	    3406.78	           	           	           	           	
 2019/05/17	    3472	    3516	    3471	    3493	         268634	    3444.40	    3459.10	    3480.40	    3410.08	           	           	           	           	
 2019/05/20	    3489	    3508	    3476	    3498	         200818	    3458.00	    3460.60	    3477.80	    3413.10	           	           	           	           	
 2019/05/21	    3490	    3622	    3490	    3618	         289250	    3500.40	    3473.70	    3485.45	    3418.35	           	           	           	           	
 2019/05/22	    3617	    3651	    3582	    3614	         257322	    3538.60	    3489.10	    3491.45	    3423.12	           	           	           	           	
 2019/05/23	    3602	    3626	    3585	    3586	         173050	    3561.80	    3501.10	    3494.85	    3426.68	           	           	           	           	
 2019/05/24	    3585	    3593	    3537	    3593	         236270	    3581.80	    3513.10	    3498.95	    3430.82	           	           	           	           	
 2019/05/27	    3597	    3631	    3555	    3555	         243992	    3593.20	    3525.60	    3502.60	    3433.80	           	           	           	           	
 2019/05/28	    3554	    3591	    3545	    3569	         204706	    3583.40	    3541.90	    3507.70	    3437.27	           	           	           	           	
 2019/05/29	    3560	    3567	    3532	    3553	         214140	    3571.20	    3554.90	    3511.15	    3440.37	           	           	           	           	
 2019/05/30	    3552	    3563	    3515	    3518	         180732	    3557.60	    3559.70	    3511.90	    3442.22	           	           	           	           	
 2019/05/31	    3518	    3530	    3489	    3493	         161610	    3537.60	    3559.70	    3509.40	    3443.47	           	           	           	           	
 2019/06/03	    3487	    3595	    3450	    3457	         243838	    3518.00	    3555.60	    3508.10	    3444.50	           	           	           	           	
 2019/06/04	    3470	    3497	    3446	    3496	         190246	    3503.40	    3543.40	    3508.55	    3446.73	           	           	           	           	
 2019/06/05	    3500	    3510	    3477	    3496	         144034	    3492.00	    3531.60	    3510.35	    3448.22	           	           	           	           	
 2019/06/06	    3493	    3494	    3430	    3485	         265430	    3485.40	    3521.50	    3511.30	    3450.13	           	           	           	           	
 2019/06/10	    3470	    3479	    3433	    3457	         170264	    3478.20	    3507.90	    3510.50	    3452.80	           	           	           	           	
 2019/06/11	    3456	    3562	    3453	    3560	         321676	    3498.80	    3508.40	    3517.00	    3456.17	           	           	           	           	
 2019/06/12	    3561	    3577	    3513	    3516	         333468	    3502.80	    3503.10	    3522.50	    3459.07	           	           	           	           	
 2019/06/13	    3516	    3533	    3492	    3526	         233666	    3508.80	    3500.40	    3527.65	    3462.45	           	           	           	           	
 2019/06/14	    3537	    3547	    3507	    3510	         238906	    3513.80	    3499.60	    3529.65	    3465.80	           	           	           	           	
 2019/06/17	    3498	    3510	    3459	    3462	         270392	    3514.80	    3496.50	    3528.10	    3468.25	           	           	           	           	
 2019/06/18	    3455	    3500	    3451	    3498	         228946	    3502.40	    3500.60	    3528.10	    3471.25	           	           	           	           	
 2019/06/19	    3504	    3547	    3483	    3530	         328802	    3505.20	    3504.00	    3523.70	    3474.75	           	           	           	           	
 2019/06/20	    3519	    3578	    3501	    3572	         288294	    3514.40	    3511.60	    3521.60	    3478.90	           	           	           	           	
 2019/06/21	    3572	    3600	    3547	    3600	         265308	    3532.40	    3523.10	    3522.30	    3483.42	           	           	           	           	
 2019/06/24	    3604	    3698	    3578	    3641	         536510	    3568.20	    3541.50	    3524.70	    3489.22	           	           	           	           	
 2019/06/25	    3660	    3708	    3651	    3702	         459048	    3609.00	    3555.70	    3532.05	    3496.43	           	           	           	           	
 2019/06/26	    3700	    3713	    3678	    3711	         273368	    3645.20	    3575.20	    3539.15	    3503.98	           	           	           	           	
 2019/06/27	    3708	    3795	    3703	    3715	         594256	    3673.80	    3594.10	    3547.25	    3511.93	           	           	           	           	
 2019/06/28	    3716	    3771	    3711	    3765	         354366	    3706.80	    3619.60	    3559.60	    3519.83	           	           	           	           	
 2019/07/01	    3770	    3834	    3757	    3794	         482828	    3737.40	    3652.80	    3574.65	    3527.82	           	           	           	           	
 2019/07/02	    3799	    3820	    3751	    3776	         436414	    3752.20	    3680.60	    3590.60	    3534.72	           	           	           	           	
 2019/07/03	    3772	    3815	    3724	    3755	         340652	    3761.00	    3703.10	    3603.55	    3540.67	           	           	           	           	
 2019/07/04	    3748	    3795	    3728	    3756	         342174	    3769.20	    3721.50	    3616.55	    3546.58	           	           	           	           	
 2019/07/05	    3755	    3794	    3724	    3741	         410580	    3764.40	    3735.60	    3629.35	    3550.37	           	           	           	           	
 2019/07/08	    3735	    3765	    3721	    3737	         349208	    3753.00	    3745.20	    3643.35	    3553.82	           	           	           	           	
 2019/07/09	    3737	    3815	    3735	    3770	         381016	    3751.80	    3752.00	    3653.85	    3557.70	           	           	           	           	
 2019/07/10	    3770	    3782	    3744	    3761	         232720	    3753.00	    3757.00	    3666.10	    3561.10	           	           	           	           	
 2019/07/11	    3758	    3780	    3725	    3755	         338066	    3752.80	    3761.00	    3677.55	    3564.58	           	           	           	           	
 2019/07/12	    3755	    3768	    3710	    3724	         267862	    3749.40	    3756.90	    3688.25	    3566.92	           	           	           	           	
 2019/07/15	    3723	    3784	    3689	    3782	         465566	    3758.40	    3755.70	    3704.25	    3570.92	           	           	           	           	
 2019/07/16	    3784	    3809	    3768	    3785	         391638	    3761.40	    3756.60	    3718.60	    3574.83	           	           	           	           	
 2019/07/17	    3781	    3813	    3771	    3801	         404416	    3769.40	    3761.20	    3732.15	    3580.43	           	           	           	           	
 2019/07/18	    3798	    3804	    3731	    3733	         334418	    3765.00	    3758.90	    3740.20	    3584.42	           	           	           	           	
 2019/07/19	    3726	    3780	    3712	    3776	         383220	    3775.40	    3762.40	    3749.00	    3588.72	           	           	           	           	
 2019/07/22	    3785	    3786	    3722	    3726	         461700	    3764.20	    3761.30	    3753.25	    3592.30	           	           	           	           	
 2019/07/23	    3726	    3758	    3710	    3721	         317654	    3751.40	    3756.40	    3754.20	    3596.28	           	           	           	           	
 2019/07/24	    3714	    3720	    3666	    3684	         442254	    3728.00	    3748.70	    3752.85	    3599.90	           	           	           	           	
 2019/07/25	    3680	    3723	    3672	    3716	         346324	    3724.60	    3744.80	    3752.90	    3603.77	           	           	           	           	
 2019/07/26	    3724	    3746	    3670	    3685	         614442	    3706.40	    3740.90	    3748.90	    3606.80	           	           	           	           	
 2019/07/29	    3681	    3695	    3649	    3650	         496920	    3691.20	    3727.70	    3741.70	    3608.58	           	           	           	           	
 2019/07/30	    3646	    3688	    3635	    3651	         481348	    3677.20	    3714.30	    3735.45	    3611.38	           	           	           	           	
 2019/07/31	    3634	    3695	    3633	    3657	         473534	    3671.80	    3699.90	    3730.55	    3614.22	           	           	           	           	
 2019/08/01	    3656	    3683	    3634	    3635	         570642	    3655.60	    3690.10	    3724.50	    3617.13	           	           	           	           	
 2019/08/02	    3628	    3630	    3522	    3590	         810816	    3636.60	    3671.50	    3716.95	    3619.20	           	           	           	           	
 2019/08/05	    3590	    3603	    3515	    3525	         774174	    3611.60	    3651.40	    3706.35	    3620.07	           	           	           	           	
 2019/08/06	    3520	    3550	    3494	    3497	         639950	    3580.80	    3629.00	    3692.70	    3621.18	           	           	           	           	
 2019/08/07	    3498	    3535	    3480	    3500	         915098	    3549.40	    3610.60	    3679.65	    3622.75	           	           	           	           	
 2019/08/08	    3505	    3542	    3468	    3477	         851114	    3517.80	    3586.70	    3665.75	    3623.65	           	           	           	           	
 2019/08/09	    3482	    3505	    3369	    3405	        1217878	    3480.80	    3558.70	    3649.80	    3622.57	           	           	           	           	
 2019/08/12	    3397	    3457	    3368	    3451	        1237876	    3466.00	    3538.80	    3633.25	    3621.87	           	           	           	           	
 2019/08/13	    3448	    3471	    3430	    3440	        1138686	    3454.60	    3517.70	    3616.00	    3620.90	           	           	           	           	
 2019/08/14	    3451	    3496	    3424	    3451	        1210550	    3444.80	    3497.10	    3598.50	    3618.12	           	           	           	           	
 2019/08/15	    3448	    3486	    3438	    3470	        1270020	    3443.40	    3480.60	    3585.35	    3615.72	           	           	           	           	
 2019/08/16	    3465	    3479	    3447	    3459	         744582	    3454.20	    3467.50	    3569.50	    3613.60	           	           	           	           	
 2019/08/19	    3458	    3486	    3443	    3470	         810342	    3458.00	    3462.00	    3556.70	    3611.55	           	           	           	           	
 2019/08/20	    3485	    3495	    3432	    3435	         948158	    3457.00	    3455.80	    3542.40	    3609.55	           	           	           	           	
 2019/08/21	    3427	    3437	    3366	    3426	        1648498	    3452.00	    3448.40	    3529.50	    3607.17	           	           	           	           	
 2019/08/22	    3420	    3438	    3360	    3418	        2055498	    3441.60	    3442.50	    3514.60	    3604.92	           	           	           	           	
 2019/08/23	    3432	    3462	    3410	    3446	        1944648	    3439.00	    3446.60	    3502.65	    3603.72	           	           	           	           	
 2019/08/26	    3430	    3467	    3367	    3372	        2803968	    3419.40	    3438.70	    3488.75	    3601.70	           	           	           	           	
 2019/08/27	    3362	    3377	    3281	    3281	        3268474	    3388.60	    3422.80	    3470.25	    3598.77	           	           	           	           	
 2019/08/28	    3281	    3323	    3244	    3317	        3344346	    3366.80	    3409.40	    3453.25	    3595.78	           	           	           	           	
 2019/08/29	    3315	    3340	    3259	    3266	        3373380	    3336.40	    3389.00	    3434.80	    3591.95	           	           	           	           	
 2019/08/30	    3283	    3350	    3278	    3350	        3598878	    3317.20	    3378.10	    3422.80	    3589.70	           	           	           	           	
 2019/09/02	    3341	    3413	    3325	    3407	        3842376	    3324.20	    3371.80	    3416.90	    3588.87	           	           	           	           	
 2019/09/03	    3407	    3415	    3383	    3403	        2620472	    3348.60	    3368.60	    3412.20	    3586.25	           	           	           	           	
 2019/09/04	    3395	    3443	    3380	    3423	        3164842	    3369.80	    3368.30	    3408.35	    3584.70	           	           	           	           	
 2019/09/05	    3429	    3474	    3418	    3439	        3690626	    3404.40	    3370.40	    3406.45	    3583.25	           	           	           	           	
 2019/09/06	    3430	    3448	    3384	    3387	        2802696	    3411.80	    3364.50	    3405.55	    3581.20	           	           	           	           	
 2019/09/09	    3411	    3502	    3398	    3497	        5035210	    3429.80	    3377.00	    3407.85	    3581.78	           	           	           	           	
 2019/09/10	    3500	    3509	    3465	    3479	        2477584	    3445.00	    3396.80	    3409.80	    3581.47	           	           	           	           	
 2019/09/11	    3479	    3499	    3458	    3481	        2930314	    3456.60	    3413.20	    3411.30	    3580.65	           	           	           	           	
 2019/09/12	    3486	    3549	    3467	    3549	        3077504	    3478.60	    3441.50	    3415.25	    3580.27	           	           	           	           	
 2019/09/16	    3561	    3575	    3531	    3564	        2161624	    3514.00	    3462.90	    3420.50	    3579.67	           	           	           	           	
 2019/09/17	    3568	    3571	    3511	    3533	        2636330	    3521.20	    3475.50	    3423.65	    3577.87	           	           	           	           	
 2019/09/18	    3529	    3535	    3487	    3493	        2954536	    3524.00	    3484.50	    3426.55	    3574.38	           	           	           	           	
 2019/09/19	    3487	    3492	    3389	    3397	        4368150	    3507.20	    3481.90	    3425.10	    3569.15	           	           	           	           	
 2019/09/20	    3392	    3403	    3371	    3388	        2908174	    3475.00	    3476.80	    3423.60	    3563.70	           	           	           	           	
 2019/09/23	    3388	    3513	    3381	    3510	        4535422	    3464.20	    3489.10	    3426.80	    3559.45	           	           	           	           	
 2019/09/24	    3518	    3548	    3467	    3477	        4891038	    3453.00	    3487.10	    3432.05	    3554.17	           	           	           	           	
 2019/09/25	    3490	    3513	    3480	    3498	        3067474	    3454.00	    3489.00	    3442.90	    3549.53	           	           	           	           	
 2019/09/26	    3500	    3511	    3433	    3445	        4803740	    3463.60	    3485.40	    3449.30	    3544.37	           	           	           	           	
 2019/09/27	    3447	    3454	    3415	    3437	        2486410	    3473.40	    3474.20	    3457.85	    3539.05	           	           	           	           	
 2019/09/30	    3434	    3580	    3434	    3470	        3226086	    3465.40	    3464.80	    3463.85	    3534.53	           	           	           	           	
 2019/10/08	    3458	    3458	    3402	    3404	        2568022	    3450.80	    3451.90	    3463.70	    3528.98	           	           	           	           	
 2019/10/09	    3405	    3432	    3390	    3413	        3360416	    3433.80	    3443.90	    3464.20	    3523.03	           	           	           	           	
 2019/10/10	    3426	    3430	    3385	    3415	        3471906	    3427.80	    3445.70	    3463.80	    3517.27	           	           	           	           	
 2019/10/11	    3415	    3417	    3372	    3407	        3343992	    3421.80	    3447.60	    3462.20	    3511.47	           	           	           	           	
 2019/10/14	    3407	    3439	    3351	    3352	        3660176	    3398.20	    3431.80	    3460.45	    3505.27	           	           	           	           	
 2019/10/15	    3352	    3365	    3315	    3346	        3460928	    3386.60	    3418.70	    3452.90	    3498.00	           	           	           	           	
 2019/10/16	    3343	    3357	    3281	    3291	        3761066	    3362.20	    3398.00	    3443.50	    3489.77	           	           	           	           	
 2019/10/17	    3291	    3330	    3278	    3324	        3187284	    3344.00	    3385.90	    3435.65	    3481.82	           	           	           	           	
 2019/10/18	    3325	    3331	    3256	    3310	        4195230	    3324.60	    3373.20	    3423.70	    3474.77	           	           	           	           	
 2019/10/21	    3314	    3321	    3276	    3293	        2890288	    3312.80	    3355.50	    3410.15	    3466.72	           	           	           	           	
数据来源:通达信
