                  白糖2001 (SR2001)
      时间	    开盘	    最高	    最低	    收盘	         成交量	   MA.MA1   	   MA.MA2   	   MA.MA3   	   MA.MA4   	   MA.MA5   	   MA.MA6   	   MA.MA7   	   MA.MA8   	
 2019/01/16	    4799	    4900	    4788	    4888	          15202	           	           	           	           	           	           	           	           	
 2019/01/17	    4888	    4891	    4852	    4858	           7542	           	           	           	           	           	           	           	           	
 2019/01/18	    4850	    4865	    4834	    4855	           7478	           	           	           	           	           	           	           	           	
 2019/01/21	    4858	    5027	    4855	    4992	          16098	           	           	           	           	           	           	           	           	
 2019/01/22	    4999	    5003	    4898	    4905	          12106	    4899.60	           	           	           	           	           	           	           	
 2019/01/23	    4898	    4922	    4869	    4911	           7972	    4904.20	           	           	           	           	           	           	           	
 2019/01/24	    4913	    4920	    4887	    4906	           6574	    4913.80	           	           	           	           	           	           	           	
 2019/01/25	    4911	    4952	    4902	    4913	           7530	    4925.40	           	           	           	           	           	           	           	
 2019/01/28	    4901	    4922	    4892	    4901	           5370	    4907.20	           	           	           	           	           	           	           	
 2019/01/29	    4904	    4935	    4901	    4915	           5106	    4909.20	    4904.40	           	           	           	           	           	           	
 2019/01/30	    4915	    4927	    4900	    4910	           8592	    4909.00	    4906.60	           	           	           	           	           	           	
 2019/01/31	    4906	    4925	    4899	    4920	           7764	    4911.80	    4912.80	           	           	           	           	           	           	
 2019/02/01	    4927	    4951	    4915	    4932	           5294	    4915.60	    4920.50	           	           	           	           	           	           	
 2019/02/11	    4951	    5085	    4939	    5029	           8830	    4941.20	    4924.20	           	           	           	           	           	           	
 2019/02/12	    5025	    5072	    5013	    5067	           8106	    4971.60	    4940.40	           	           	           	           	           	           	
 2019/02/13	    5080	    5088	    5001	    5045	           8322	    4998.60	    4953.80	           	           	           	           	           	           	
 2019/02/14	    5048	    5065	    4999	    5000	          13992	    5014.60	    4963.20	           	           	           	           	           	           	
 2019/02/15	    5002	    5011	    4963	    4964	          11298	    5021.00	    4968.30	           	           	           	           	           	           	
 2019/02/18	    4987	    5085	    4980	    5033	          15340	    5021.80	    4981.50	           	           	           	           	           	           	
 2019/02/19	    5028	    5044	    5010	    5043	           5820	    5017.00	    4994.30	    4949.35	           	           	           	           	           	
 2019/02/20	    5043	    5070	    5031	    5047	           8422	    5017.40	    5008.00	    4957.30	           	           	           	           	           	
 2019/02/21	    5038	    5098	    5030	    5072	          12226	    5031.80	    5023.20	    4968.00	           	           	           	           	           	
 2019/02/22	    5069	    5185	    5069	    5183	          22336	    5075.60	    5048.30	    4984.40	           	           	           	           	           	
 2019/02/25	    5200	    5209	    5163	    5172	          25784	    5103.40	    5062.60	    4993.40	           	           	           	           	           	
 2019/02/26	    5171	    5230	    5154	    5179	          26432	    5130.60	    5073.80	    5007.10	           	           	           	           	           	
 2019/02/27	    5177	    5199	    5112	    5133	          15982	    5147.80	    5082.60	    5018.20	           	           	           	           	           	
 2019/02/28	    5134	    5150	    5118	    5143	           8934	    5162.00	    5096.90	    5030.05	           	           	           	           	           	
 2019/03/01	    5140	    5159	    5124	    5150	          12624	    5155.40	    5115.50	    5041.90	           	           	           	           	           	
 2019/03/04	    5150	    5165	    5096	    5121	          14930	    5145.20	    5124.30	    5052.90	           	           	           	           	           	
 2019/03/05	    5124	    5159	    5090	    5121	           9662	    5133.60	    5132.10	    5063.20	           	           	           	           	           	
 2019/03/06	    5131	    5150	    5110	    5124	          19684	    5131.80	    5139.80	    5073.90	           	           	           	           	           	
 2019/03/07	    5116	    5139	    5101	    5122	          11722	    5127.60	    5144.80	    5084.00	           	           	           	           	           	
 2019/03/08	    5124	    5128	    5063	    5094	          13108	    5116.40	    5135.90	    5092.10	           	           	           	           	           	
 2019/03/11	    5093	    5111	    5085	    5101	          16326	    5112.40	    5128.80	    5095.70	           	           	           	           	           	
 2019/03/12	    5101	    5111	    5059	    5069	          17318	    5102.00	    5117.80	    5095.80	           	           	           	           	           	
 2019/03/13	    5082	    5094	    5060	    5083	           6142	    5093.80	    5112.80	    5097.70	           	           	           	           	           	
 2019/03/14	    5082	    5116	    5078	    5088	          17366	    5087.00	    5107.30	    5102.10	           	           	           	           	           	
 2019/03/15	    5108	    5112	    5073	    5094	          10936	    5087.00	    5101.70	    5108.60	           	           	           	           	           	
 2019/03/18	    5087	    5135	    5087	    5121	          17766	    5091.00	    5101.70	    5113.00	           	           	           	           	           	
 2019/03/19	    5130	    5135	    5109	    5120	          12938	    5101.20	    5101.60	    5116.85	           	           	           	           	           	
 2019/03/20	    5122	    5126	    5083	    5104	          14880	    5105.40	    5099.60	    5119.70	           	           	           	           	           	
 2019/03/21	    5102	    5112	    5096	    5102	           4298	    5108.20	    5097.60	    5121.20	           	           	           	           	           	
 2019/03/22	    5096	    5096	    5055	    5064	          20992	    5102.20	    5094.60	    5115.25	           	           	           	           	           	
 2019/03/25	    5066	    5080	    5031	    5039	          10636	    5085.80	    5088.40	    5108.60	           	           	           	           	           	
 2019/03/26	    5030	    5058	    5021	    5057	           8142	    5073.20	    5087.20	    5102.50	           	           	           	           	           	
 2019/03/27	    5055	    5063	    5041	    5044	           5458	    5061.20	    5083.30	    5098.05	           	           	           	           	           	
 2019/03/28	    5049	    5054	    5020	    5037	          19078	    5048.20	    5078.20	    5092.75	           	           	           	           	           	
 2019/03/29	    5031	    5088	    5024	    5088	          18386	    5053.00	    5077.60	    5089.65	           	           	           	           	           	
 2019/04/01	    5085	    5099	    5061	    5086	          18218	    5062.40	    5074.10	    5087.90	           	           	           	           	           	
 2019/04/02	    5074	    5102	    5064	    5098	          22368	    5070.60	    5071.90	    5086.75	           	           	           	           	           	
 2019/04/03	    5098	    5103	    5081	    5096	          13652	    5081.00	    5071.10	    5085.35	           	           	           	           	           	
 2019/04/04	    5103	    5105	    5075	    5087	          16022	    5091.00	    5069.60	    5083.60	           	           	           	           	           	
 2019/04/08	    5094	    5125	    5093	    5114	          19174	    5096.20	    5074.60	    5084.60	           	           	           	           	           	
 2019/04/09	    5106	    5112	    5081	    5095	          17928	    5098.00	    5080.20	    5084.30	           	           	           	           	           	
 2019/04/10	    5110	    5289	    5106	    5248	          94378	    5128.00	    5099.30	    5093.25	           	           	           	           	           	
 2019/04/11	    5240	    5371	    5232	    5300	         128774	    5168.80	    5124.90	    5104.10	           	           	           	           	           	
 2019/04/12	    5298	    5343	    5272	    5332	          78568	    5217.80	    5154.40	    5116.30	           	           	           	           	           	
 2019/04/15	    5330	    5531	    5322	    5531	         197254	    5301.20	    5198.70	    5138.15	           	           	           	           	           	
 2019/04/16	    5526	    5555	    5452	    5505	         258984	    5383.20	    5240.60	    5157.35	           	           	           	           	           	
 2019/04/17	    5494	    5516	    5458	    5502	         151320	    5434.00	    5281.00	    5176.45	    5080.88	           	           	           	           	
 2019/04/18	    5506	    5519	    5389	    5416	         172086	    5457.20	    5313.00	    5192.05	    5089.68	           	           	           	           	
 2019/04/19	    5438	    5613	    5436	    5532	         421150	    5497.20	    5357.50	    5213.55	    5100.92	           	           	           	           	
 2019/04/22	    5533	    5583	    5482	    5536	         252688	    5498.20	    5399.70	    5237.15	    5112.27	           	           	           	           	
 2019/04/23	    5541	    5564	    5502	    5517	         156314	    5500.60	    5441.90	    5261.05	    5121.02	           	           	           	           	
 2019/04/24	    5528	    5545	    5462	    5524	         175824	    5505.00	    5469.50	    5284.40	    5131.33	           	           	           	           	
 2019/04/25	    5520	    5520	    5404	    5407	         242480	    5503.20	    5480.20	    5302.55	    5139.60	           	           	           	           	
 2019/04/26	    5406	    5415	    5306	    5315	         282886	    5459.80	    5478.50	    5316.45	    5146.42	           	           	           	           	
 2019/04/29	    5309	    5326	    5275	    5287	         166452	    5410.00	    5454.10	    5326.40	    5152.65	           	           	           	           	
 2019/04/30	    5283	    5288	    5151	    5175	         231412	    5341.60	    5421.10	    5330.85	    5157.22	           	           	           	           	
 2019/05/06	    5121	    5155	    5078	    5137	          82636	    5264.20	    5384.60	    5332.80	    5160.92	           	           	           	           	
 2019/05/07	    5140	    5217	    5137	    5208	         157902	    5224.40	    5363.80	    5338.40	    5165.88	           	           	           	           	
 2019/05/08	    5205	    5212	    5165	    5176	         101134	    5196.60	    5328.20	    5342.85	    5170.15	           	           	           	           	
 2019/05/09	    5170	    5222	    5156	    5193	         152672	    5177.80	    5293.90	    5346.80	    5174.50	           	           	           	           	
 2019/05/10	    5204	    5225	    5186	    5224	         109328	    5187.60	    5264.60	    5353.25	    5177.75	           	           	           	           	
 2019/05/13	    5228	    5251	    5192	    5226	         131050	    5205.40	    5234.80	    5352.15	    5180.40	           	           	           	           	
 2019/05/14	    5226	    5242	    5077	    5124	         234448	    5188.60	    5206.50	    5343.35	    5181.72	           	           	           	           	
 2019/05/15	    5141	    5171	    5130	    5168	          98816	    5187.00	    5191.80	    5335.15	    5184.52	           	           	           	           	
 2019/05/16	    5158	    5263	    5158	    5236	         188114	    5195.60	    5186.70	    5320.40	    5189.05	           	           	           	           	
 2019/05/17	    5235	    5266	    5165	    5170	         182584	    5184.80	    5186.20	    5303.65	    5191.33	           	           	           	           	
 2019/05/20	    5165	    5187	    5113	    5136	         150930	    5166.80	    5186.10	    5285.35	    5192.88	           	           	           	           	
 2019/05/21	    5149	    5220	    5148	    5203	         143334	    5182.60	    5185.60	    5274.70	    5195.48	           	           	           	           	
 2019/05/22	    5190	    5206	    4977	    4977	         477482	    5144.40	    5165.70	    5246.95	    5193.90	           	           	           	           	
 2019/05/23	    4950	    4971	    4830	    4890	         526568	    5075.20	    5135.40	    5214.65	    5189.02	           	           	           	           	
 2019/05/24	    4890	    4958	    4888	    4929	         127440	    5027.00	    5105.90	    5185.25	    5184.97	           	           	           	           	
 2019/05/27	    4933	    4969	    4790	    4850	         278868	    4969.80	    5068.30	    5151.55	    5179.48	           	           	           	           	
 2019/05/28	    4845	    4905	    4840	    4900	         113790	    4909.20	    5045.90	    5126.20	    5175.60	           	           	           	           	
 2019/05/29	    4914	    4973	    4888	    4943	         124874	    4902.40	    5023.40	    5107.60	    5172.27	           	           	           	           	
 2019/05/30	    4945	    4966	    4898	    4930	         125660	    4910.40	    4992.80	    5089.75	    5168.60	           	           	           	           	
 2019/05/31	    4923	    4954	    4912	    4940	          87832	    4912.60	    4969.80	    5078.00	    5165.58	           	           	           	           	
 2019/06/03	    4940	    4994	    4919	    4972	         152382	    4937.00	    4953.40	    5069.75	    5163.10	           	           	           	           	
 2019/06/04	    4973	    5078	    4909	    5051	         240102	    4967.20	    4938.20	    5061.90	    5161.88	           	           	           	           	
 2019/06/05	    5047	    5093	    5018	    5044	         161528	    4987.40	    4944.90	    5055.30	    5160.58	           	           	           	           	
 2019/06/06	    5040	    5071	    4966	    5000	         196720	    5001.40	    4955.90	    5045.65	    5159.02	           	           	           	           	
 2019/06/10	    5022	    5068	    5022	    5043	          67176	    5022.00	    4967.30	    5036.60	    5158.05	           	           	           	           	
 2019/06/11	    5038	    5086	    5024	    5057	          97790	    5039.00	    4988.00	    5028.15	    5157.85	           	           	           	           	
 2019/06/12	    5050	    5069	    5024	    5062	          99834	    5041.20	    5004.20	    5025.05	    5157.50	           	           	           	           	
 2019/06/13	    5066	    5175	    5048	    5161	         184062	    5064.60	    5026.00	    5024.70	    5158.72	           	           	           	           	
 2019/06/14	    5170	    5178	    5134	    5151	         113060	    5094.80	    5048.10	    5020.45	    5159.67	           	           	           	           	
 2019/06/17	    5151	    5167	    5082	    5097	         144970	    5105.60	    5063.80	    5016.80	    5159.27	           	           	           	           	
 2019/06/18	    5094	    5113	    5078	    5082	          95890	    5110.60	    5074.80	    5014.10	    5158.63	           	           	           	           	
 2019/06/19	    5080	    5117	    5070	    5112	         111014	    5120.60	    5080.90	    5009.55	    5158.77	           	           	           	           	
 2019/06/20	    5097	    5114	    5080	    5110	          81814	    5110.40	    5087.50	    5016.20	    5158.90	           	           	           	           	
 2019/06/21	    5108	    5129	    5036	    5069	         126810	    5094.00	    5094.40	    5025.15	    5158.98	           	           	           	           	
 2019/06/24	    5079	    5079	    5016	    5031	          87564	    5080.80	    5093.20	    5030.25	    5158.85	           	           	           	           	
 2019/06/25	    5037	    5054	    5028	    5044	          62038	    5073.20	    5091.90	    5039.95	    5158.63	           	           	           	           	
 2019/06/26	    5043	    5064	    5001	    5016	          97538	    5054.00	    5087.30	    5045.75	    5158.17	           	           	           	           	
 2019/06/27	    5014	    5024	    4967	    4979	          94614	    5027.80	    5069.10	    5047.55	    5157.20	           	           	           	           	
 2019/06/28	    4981	    5065	    4980	    5024	         126582	    5018.80	    5056.40	    5052.25	    5156.13	           	           	           	           	
 2019/07/01	    5022	    5054	    5010	    5038	         111748	    5020.20	    5050.50	    5057.15	    5155.33	           	           	           	           	
 2019/07/02	    5037	    5136	    5029	    5076	         188968	    5026.60	    5049.90	    5062.35	    5154.97	           	           	           	           	
 2019/07/03	    5065	    5079	    4982	    5050	         179638	    5033.40	    5043.70	    5062.30	    5154.20	           	           	           	           	
 2019/07/04	    5060	    5118	    5059	    5086	         200294	    5054.80	    5041.30	    5064.40	    5154.18	           	           	           	           	
 2019/07/05	    5087	    5244	    5087	    5213	         396138	    5092.60	    5055.70	    5075.05	    5155.83	           	           	           	           	
 2019/07/08	    5213	    5228	    5149	    5150	         213782	    5115.00	    5067.60	    5080.40	    5156.75	           	           	           	           	
 2019/07/09	    5148	    5179	    5052	    5062	         244546	    5112.20	    5069.40	    5080.65	    5153.65	           	           	           	           	
 2019/07/10	    5052	    5130	    5036	    5107	         176460	    5123.60	    5078.50	    5082.90	    5150.43	           	           	           	           	
 2019/07/11	    5124	    5140	    5093	    5128	         116642	    5132.00	    5093.40	    5081.25	    5147.03	           	           	           	           	
 2019/07/12	    5133	    5156	    5093	    5115	         149706	    5112.40	    5102.50	    5079.45	    5140.10	           	           	           	           	
 2019/07/15	    5119	    5171	    5105	    5166	         128234	    5115.60	    5115.30	    5082.90	    5134.45	           	           	           	           	
 2019/07/16	    5132	    5143	    5105	    5139	         133442	    5131.00	    5121.60	    5085.75	    5128.40	           	           	           	           	
 2019/07/17	    5139	    5151	    5101	    5128	         110844	    5135.20	    5129.40	    5086.55	    5123.60	           	           	           	           	
 2019/07/18	    5138	    5145	    5098	    5123	         108902	    5134.20	    5133.10	    5087.20	    5116.78	           	           	           	           	
 2019/07/19	    5115	    5121	    5059	    5072	         155976	    5125.60	    5119.00	    5087.35	    5109.05	           	           	           	           	
 2019/07/22	    5075	    5091	    5059	    5084	          92548	    5109.20	    5112.40	    5090.00	    5101.83	           	           	           	           	
 2019/07/23	    5084	    5148	    5080	    5126	         208404	    5106.60	    5118.80	    5094.10	    5095.20	           	           	           	           	
 2019/07/24	    5128	    5278	    5111	    5250	         468398	    5131.00	    5133.10	    5105.80	    5092.58	           	           	           	           	
 2019/07/25	    5275	    5294	    5221	    5235	         391746	    5153.40	    5143.80	    5118.60	    5091.25	           	           	           	           	
 2019/07/26	    5230	    5335	    5196	    5328	         503450	    5204.60	    5165.10	    5133.80	    5091.93	           	           	           	           	
 2019/07/29	    5329	    5396	    5308	    5389	         562120	    5265.60	    5187.40	    5151.35	    5095.50	           	           	           	           	
 2019/07/30	    5395	    5426	    5296	    5301	         644744	    5300.60	    5203.60	    5162.60	    5098.23	           	           	           	           	
 2019/07/31	    5311	    5380	    5311	    5366	         477894	    5323.80	    5227.40	    5178.40	    5100.87	           	           	           	           	
 2019/08/01	    5373	    5398	    5342	    5349	         736688	    5346.60	    5250.00	    5191.55	    5103.75	           	           	           	           	
 2019/08/02	    5345	    5367	    5280	    5338	         821190	    5348.60	    5276.60	    5197.80	    5106.17	           	           	           	           	
 2019/08/05	    5325	    5420	    5313	    5395	         996530	    5349.80	    5307.70	    5210.05	    5109.02	           	           	           	           	
 2019/08/06	    5374	    5447	    5328	    5349	        1358210	    5359.40	    5330.00	    5224.40	    5111.07	           	           	           	           	
 2019/08/07	    5362	    5408	    5338	    5402	         855410	    5366.60	    5345.20	    5239.15	    5115.70	           	           	           	           	
 2019/08/08	    5388	    5400	    5342	    5386	         891796	    5374.00	    5360.30	    5252.05	    5119.33	           	           	           	           	
 2019/08/09	    5391	    5495	    5379	    5494	        1571982	    5405.20	    5376.90	    5271.00	    5123.63	           	           	           	           	
 2019/08/12	    5496	    5607	    5475	    5564	        1789216	    5439.00	    5394.40	    5290.90	    5130.20	           	           	           	           	
 2019/08/13	    5566	    5597	    5527	    5585	        1076746	    5486.20	    5422.80	    5313.20	    5137.68	           	           	           	           	
 2019/08/14	    5598	    5641	    5511	    5536	        1188854	    5513.00	    5439.80	    5333.60	    5143.23	           	           	           	           	
 2019/08/15	    5539	    5553	    5462	    5490	         974612	    5533.80	    5453.90	    5351.95	    5151.78	           	           	           	           	
 2019/08/16	    5490	    5542	    5427	    5439	        1038394	    5522.80	    5464.00	    5370.30	    5160.93	           	           	           	           	
 2019/08/19	    5443	    5464	    5422	    5460	         643958	    5502.00	    5470.50	    5389.10	    5169.78	           	           	           	           	
 2019/08/20	    5448	    5478	    5427	    5463	         821596	    5477.60	    5481.90	    5405.95	    5180.00	           	           	           	           	
 2019/08/21	    5469	    5477	    5409	    5436	         820268	    5457.60	    5485.30	    5415.25	    5188.93	           	           	           	           	
 2019/08/22	    5448	    5522	    5431	    5521	        1038064	    5463.80	    5498.80	    5429.55	    5198.57	           	           	           	           	
 2019/08/23	    5518	    5527	    5481	    5502	         757708	    5476.40	    5499.60	    5438.25	    5208.10	           	           	           	           	
 2019/08/26	    5490	    5499	    5410	    5457	         722806	    5475.80	    5488.90	    5441.65	    5216.72	           	           	           	           	
 2019/08/27	    5467	    5475	    5320	    5353	        1128478	    5453.80	    5465.70	    5444.25	    5223.07	           	           	           	           	
 2019/08/28	    5356	    5394	    5340	    5387	         755680	    5444.00	    5450.80	    5445.30	    5228.67	           	           	           	           	
 2019/08/29	    5391	    5391	    5354	    5363	         511504	    5412.40	    5438.10	    5446.00	    5233.98	           	           	           	           	
 2019/08/30	    5366	    5379	    5343	    5368	         517338	    5385.60	    5431.00	    5447.50	    5240.12	           	           	           	           	
 2019/09/02	    5366	    5409	    5357	    5376	         607768	    5369.40	    5422.60	    5446.55	    5245.67	           	           	           	           	
 2019/09/03	    5380	    5451	    5325	    5446	         932452	    5388.00	    5420.90	    5451.40	    5252.15	           	           	           	           	
 2019/09/04	    5440	    5504	    5427	    5473	         994734	    5405.20	    5424.60	    5454.95	    5259.00	           	           	           	           	
 2019/09/05	    5480	    5563	    5457	    5483	        1076916	    5429.20	    5420.80	    5459.80	    5264.37	           	           	           	           	
 2019/09/06	    5489	    5525	    5466	    5486	         819678	    5452.80	    5419.20	    5459.40	    5269.95	           	           	           	           	
 2019/09/09	    5495	    5557	    5484	    5549	         907626	    5487.40	    5428.40	    5458.65	    5277.48	           	           	           	           	
 2019/09/10	    5549	    5553	    5467	    5477	         774856	    5493.60	    5440.80	    5453.25	    5284.07	           	           	           	           	
 2019/09/11	    5483	    5532	    5461	    5524	         667840	    5503.80	    5454.50	    5452.65	    5290.93	           	           	           	           	
 2019/09/12	    5516	    5519	    5476	    5490	         544198	    5505.20	    5467.20	    5452.65	    5297.27	           	           	           	           	
 2019/09/16	    5531	    5560	    5486	    5548	         566738	    5517.60	    5485.20	    5458.10	    5305.25	           	           	           	           	
 2019/09/17	    5565	    5580	    5469	    5479	         816132	    5503.60	    5495.50	    5459.05	    5312.72	           	           	           	           	
 2019/09/18	    5476	    5483	    5413	    5424	         773102	    5493.00	    5493.30	    5457.10	    5319.05	           	           	           	           	
 2019/09/19	    5428	    5450	    5406	    5437	         501680	    5475.60	    5489.70	    5457.15	    5326.07	           	           	           	           	
 2019/09/20	    5440	    5441	    5392	    5411	         642530	    5459.80	    5482.50	    5451.65	    5333.27	           	           	           	           	
 2019/09/23	    5413	    5416	    5370	    5404	         668322	    5431.00	    5474.30	    5446.75	    5339.60	           	           	           	           	
 2019/09/24	    5410	    5465	    5406	    5410	         830276	    5417.20	    5460.40	    5444.40	    5345.80	           	           	           	           	
 2019/09/25	    5418	    5475	    5412	    5471	         601542	    5426.60	    5459.80	    5450.30	    5352.38	           	           	           	           	
 2019/09/26	    5472	    5533	    5472	    5524	         935790	    5444.00	    5459.80	    5457.15	    5360.28	           	           	           	           	
 2019/09/27	    5519	    5549	    5480	    5532	         668654	    5468.20	    5464.00	    5465.60	    5367.72	           	           	           	           	
 2019/09/30	    5536	    5542	    5494	    5507	         394628	    5488.80	    5459.90	    5472.55	    5372.62	           	           	           	           	
 2019/10/08	    5500	    5585	    5450	    5561	         459816	    5519.00	    5468.10	    5481.80	    5379.47	           	           	           	           	
 2019/10/09	    5557	    5634	    5557	    5575	        1299020	    5539.80	    5483.20	    5488.25	    5388.02	           	           	           	           	
 2019/10/10	    5580	    5595	    5567	    5593	         539562	    5553.60	    5498.80	    5494.25	    5396.12	           	           	           	           	
 2019/10/11	    5601	    5617	    5516	    5529	         851472	    5553.00	    5510.60	    5496.55	    5402.80	           	           	           	           	
 2019/10/14	    5532	    5560	    5508	    5539	         521998	    5559.40	    5524.10	    5499.20	    5409.87	           	           	           	           	
 2019/10/15	    5535	    5580	    5517	    5549	         747944	    5557.00	    5538.00	    5499.20	    5416.25	           	           	           	           	
 2019/10/16	    5546	    5558	    5492	    5496	         832674	    5541.20	    5540.50	    5500.15	    5422.20	           	           	           	           	
 2019/10/17	    5496	    5523	    5473	    5517	         665904	    5526.00	    5539.80	    5499.80	    5428.68	           	           	           	           	
 2019/10/18	    5522	    5544	    5497	    5535	         652988	    5527.20	    5540.10	    5502.05	    5435.55	           	           	           	           	
 2019/10/21	    5535	    5592	    5510	    5586	         776190	    5536.60	    5548.00	    5503.95	    5444.12	           	           	           	           	
数据来源:通达信
