                  PTA2001 (TA2001)
      时间	    开盘	    最高	    最低	    收盘	         成交量	   MA.MA1   	   MA.MA2   	   MA.MA3   	   MA.MA4   	   MA.MA5   	   MA.MA6   	   MA.MA7   	   MA.MA8   	
 2019/01/16	    5820	    5822	    5748	    5788	           2826	           	           	           	           	           	           	           	           	
 2019/01/17	    5788	    5800	    5754	    5780	           1942	           	           	           	           	           	           	           	           	
 2019/01/18	    5728	    5862	    5722	    5858	          16732	           	           	           	           	           	           	           	           	
 2019/01/21	    5862	    5962	    5848	    5940	          10716	           	           	           	           	           	           	           	           	
 2019/01/22	    5960	    6040	    5938	    5980	          10200	    5869.20	           	           	           	           	           	           	           	
 2019/01/23	    5976	    5996	    5928	    5950	           5156	    5901.60	           	           	           	           	           	           	           	
 2019/01/24	    5980	    6010	    5912	    5944	           2772	    5934.40	           	           	           	           	           	           	           	
 2019/01/25	    5922	    6060	    5916	    6030	           7132	    5968.80	           	           	           	           	           	           	           	
 2019/01/28	    6018	    6052	    5924	    5932	           6690	    5967.20	           	           	           	           	           	           	           	
 2019/01/29	    5948	    5982	    5902	    5936	           2968	    5958.40	    5913.80	           	           	           	           	           	           	
 2019/01/30	    5960	    6004	    5908	    5974	           3282	    5963.20	    5932.40	           	           	           	           	           	           	
 2019/01/31	    5974	    6114	    5972	    6092	           5642	    5992.80	    5963.60	           	           	           	           	           	           	
 2019/02/01	    6080	    6174	    6066	    6118	           2514	    6010.40	    5989.60	           	           	           	           	           	           	
 2019/02/11	    6074	    6154	    6024	    6104	           1348	    6044.80	    6006.00	           	           	           	           	           	           	
 2019/02/12	    6120	    6200	    6120	    6174	           3592	    6092.40	    6025.40	           	           	           	           	           	           	
 2019/02/13	    6198	    6234	    6032	    6032	           6206	    6104.00	    6033.60	           	           	           	           	           	           	
 2019/02/14	    6034	    6080	    6000	    6030	           4112	    6091.60	    6042.20	           	           	           	           	           	           	
 2019/02/15	    6040	    6052	    5932	    5974	           7250	    6062.80	    6036.60	           	           	           	           	           	           	
 2019/02/18	    6000	    6106	    5950	    6066	           4314	    6055.20	    6050.00	           	           	           	           	           	           	
 2019/02/19	    6078	    6086	    6000	    6048	           3484	    6030.00	    6061.20	    5987.50	           	           	           	           	           	
 2019/02/20	    6026	    6068	    6000	    6040	           2000	    6031.60	    6067.80	    6000.10	           	           	           	           	           	
 2019/02/21	    6020	    6144	    6014	    6070	           3002	    6039.60	    6065.60	    6014.60	           	           	           	           	           	
 2019/02/22	    6062	    6090	    6030	    6086	           4264	    6062.00	    6062.40	    6026.00	           	           	           	           	           	
 2019/02/25	    6100	    6136	    6056	    6106	           4882	    6070.00	    6062.60	    6034.30	           	           	           	           	           	
 2019/02/26	    6082	    6082	    5960	    6016	           5074	    6063.60	    6046.80	    6036.10	           	           	           	           	           	
 2019/02/27	    6028	    6040	    5964	    5966	           2932	    6048.80	    6040.20	    6036.90	           	           	           	           	           	
 2019/02/28	    5998	    6016	    5960	    5980	           2018	    6030.80	    6035.20	    6038.70	           	           	           	           	           	
 2019/03/01	    5982	    6158	    5952	    6148	           7158	    6043.20	    6052.60	    6044.60	           	           	           	           	           	
 2019/03/04	    6142	    6248	    6122	    6210	           7284	    6064.00	    6067.00	    6058.50	           	           	           	           	           	
 2019/03/05	    6200	    6228	    6134	    6178	           5320	    6096.40	    6080.00	    6070.60	           	           	           	           	           	
 2019/03/06	    6180	    6226	    6116	    6218	          12764	    6146.80	    6097.80	    6082.80	           	           	           	           	           	
 2019/03/07	    6212	    6254	    6120	    6126	          17156	    6176.00	    6103.40	    6084.50	           	           	           	           	           	
 2019/03/08	    6134	    6142	    5938	    5966	          11420	    6139.60	    6091.40	    6076.90	           	           	           	           	           	
 2019/03/11	    5960	    5960	    5868	    5876	          12432	    6072.80	    6068.40	    6065.50	           	           	           	           	           	
 2019/03/12	    5882	    5934	    5860	    5924	          11876	    6022.00	    6059.20	    6053.00	           	           	           	           	           	
 2019/03/13	    5924	    5950	    5884	    5912	           5814	    5960.80	    6053.80	    6047.00	           	           	           	           	           	
 2019/03/14	    5918	    5928	    5878	    5892	          19224	    5914.00	    6045.00	    6040.10	           	           	           	           	           	
 2019/03/15	    5890	    5898	    5682	    5702	          52190	    5861.20	    6000.40	    6026.50	           	           	           	           	           	
 2019/03/18	    5698	    5718	    5660	    5672	          20898	    5820.40	    5946.60	    6006.80	           	           	           	           	           	
 2019/03/19	    5678	    5764	    5676	    5722	          17924	    5780.00	    5901.00	    5990.50	           	           	           	           	           	
 2019/03/20	    5736	    5762	    5690	    5744	          19282	    5746.40	    5853.60	    5975.70	           	           	           	           	           	
 2019/03/21	    5736	    5746	    5706	    5712	          56512	    5710.40	    5812.20	    5957.80	           	           	           	           	           	
 2019/03/22	    5714	    5726	    5700	    5706	          14000	    5711.20	    5786.20	    5938.80	           	           	           	           	           	
 2019/03/25	    5690	    5702	    5636	    5664	          29758	    5709.60	    5765.00	    5916.70	           	           	           	           	           	
 2019/03/26	    5674	    5694	    5658	    5662	          14160	    5697.60	    5738.80	    5899.00	           	           	           	           	           	
 2019/03/27	    5678	    5690	    5650	    5654	           8576	    5679.60	    5713.00	    5883.40	           	           	           	           	           	
 2019/03/28	    5654	    5666	    5602	    5608	          19692	    5658.80	    5684.60	    5864.80	           	           	           	           	           	
 2019/03/29	    5608	    5610	    5526	    5564	          85930	    5630.40	    5670.80	    5835.60	           	           	           	           	           	
 2019/04/01	    5586	    5670	    5576	    5638	          53560	    5625.20	    5667.40	    5807.00	           	           	           	           	           	
 2019/04/02	    5642	    5662	    5614	    5626	          32180	    5618.00	    5657.80	    5779.40	           	           	           	           	           	
 2019/04/03	    5628	    5692	    5624	    5676	          47928	    5622.40	    5651.00	    5752.30	           	           	           	           	           	
 2019/04/04	    5688	    5746	    5678	    5738	          38618	    5648.40	    5653.60	    5732.90	           	           	           	           	           	
 2019/04/08	    5770	    5890	    5758	    5800	         101402	    5695.60	    5663.00	    5724.60	           	           	           	           	           	
 2019/04/09	    5800	    5866	    5798	    5844	          43084	    5736.80	    5681.00	    5723.00	           	           	           	           	           	
 2019/04/10	    5840	    5858	    5820	    5836	          37172	    5778.80	    5698.40	    5718.60	           	           	           	           	           	
 2019/04/11	    5838	    5904	    5832	    5878	          54074	    5819.20	    5720.80	    5716.90	           	           	           	           	           	
 2019/04/12	    5876	    5880	    5804	    5868	          69522	    5845.20	    5746.80	    5715.70	           	           	           	           	           	
 2019/04/15	    5880	    5956	    5854	    5884	         100036	    5862.00	    5778.80	    5724.80	           	           	           	           	           	
 2019/04/16	    5888	    5914	    5848	    5898	          63044	    5872.80	    5804.80	    5736.10	           	           	           	           	           	
 2019/04/17	    5906	    5916	    5860	    5866	          38908	    5878.80	    5828.80	    5743.30	    5907.10	           	           	           	           	
 2019/04/18	    5852	    5852	    5626	    5632	         104780	    5829.60	    5824.40	    5737.70	    5904.50	           	           	           	           	
 2019/04/19	    5650	    5726	    5636	    5692	         204614	    5794.40	    5819.80	    5736.70	    5903.03	           	           	           	           	
 2019/04/22	    5696	    5772	    5686	    5720	          84432	    5761.60	    5811.80	    5737.40	    5900.73	           	           	           	           	
 2019/04/23	    5726	    5772	    5700	    5732	          67812	    5728.40	    5800.60	    5740.80	    5897.27	           	           	           	           	
 2019/04/24	    5728	    5750	    5684	    5690	          49878	    5693.20	    5786.00	    5742.20	    5892.43	           	           	           	           	
 2019/04/25	    5704	    5734	    5670	    5688	          70364	    5704.40	    5767.00	    5743.90	    5888.07	           	           	           	           	
 2019/04/26	    5672	    5682	    5602	    5622	          86640	    5690.40	    5742.40	    5744.60	    5882.70	           	           	           	           	
 2019/04/29	    5608	    5646	    5584	    5600	          83216	    5666.40	    5714.00	    5746.40	    5875.53	           	           	           	           	
 2019/04/30	    5600	    5634	    5580	    5618	          51402	    5643.60	    5686.00	    5745.40	    5870.30	           	           	           	           	
 2019/05/06	    5542	    5542	    5460	    5496	          71514	    5604.80	    5649.00	    5738.90	    5862.97	           	           	           	           	
 2019/05/07	    5504	    5538	    5490	    5502	          99776	    5567.60	    5636.00	    5730.20	    5855.10	           	           	           	           	
 2019/05/08	    5490	    5500	    5456	    5480	         138026	    5539.20	    5614.80	    5717.30	    5844.90	           	           	           	           	
 2019/05/09	    5482	    5522	    5434	    5480	         164398	    5515.20	    5590.80	    5701.30	    5834.27	           	           	           	           	
 2019/05/10	    5482	    5550	    5476	    5518	         140082	    5495.20	    5569.40	    5685.00	    5824.50	           	           	           	           	
 2019/05/13	    5514	    5534	    5410	    5416	         162232	    5479.20	    5542.00	    5664.00	    5811.87	           	           	           	           	
 2019/05/14	    5412	    5442	    5246	    5284	         234566	    5435.60	    5501.60	    5634.30	    5799.40	           	           	           	           	
 2019/05/15	    5296	    5330	    5282	    5310	         121084	    5401.60	    5470.40	    5606.40	    5787.40	           	           	           	           	
 2019/05/16	    5308	    5370	    5302	    5360	         103800	    5377.60	    5446.40	    5580.20	    5777.17	           	           	           	           	
 2019/05/17	    5372	    5384	    5304	    5318	         116072	    5337.60	    5416.40	    5551.20	    5764.70	           	           	           	           	
 2019/05/20	    5320	    5374	    5316	    5370	         115604	    5328.40	    5403.80	    5526.40	    5753.40	           	           	           	           	
 2019/05/21	    5362	    5398	    5320	    5388	         106784	    5349.20	    5392.40	    5514.20	    5742.53	           	           	           	           	
 2019/05/22	    5392	    5440	    5276	    5344	         183970	    5356.00	    5378.80	    5496.80	    5730.43	           	           	           	           	
 2019/05/23	    5220	    5338	    5220	    5232	         164888	    5330.40	    5354.00	    5472.40	    5716.20	           	           	           	           	
 2019/05/24	    5224	    5244	    5122	    5168	         183820	    5300.40	    5319.00	    5444.20	    5700.57	           	           	           	           	
 2019/05/27	    5170	    5250	    5148	    5230	         150822	    5272.40	    5300.40	    5421.20	    5687.47	           	           	           	           	
 2019/05/28	    5234	    5264	    5204	    5234	         102812	    5241.60	    5295.40	    5398.50	    5675.27	           	           	           	           	
 2019/05/29	    5230	    5268	    5224	    5244	          87328	    5221.60	    5288.80	    5379.60	    5663.00	           	           	           	           	
 2019/05/30	    5228	    5230	    5178	    5192	         101028	    5213.60	    5272.00	    5359.20	    5647.07	           	           	           	           	
 2019/05/31	    5188	    5216	    5146	    5154	          88500	    5210.80	    5255.60	    5336.00	    5629.47	           	           	           	           	
 2019/06/03	    5122	    5134	    4952	    4996	         190548	    5164.00	    5218.20	    5311.00	    5609.77	           	           	           	           	
 2019/06/04	    5018	    5028	    4976	    5000	          92562	    5117.20	    5179.40	    5285.90	    5589.47	           	           	           	           	
 2019/06/05	    5004	    5034	    4972	    4980	          98710	    5064.40	    5143.00	    5260.90	    5570.37	           	           	           	           	
 2019/06/06	    4972	    4990	    4910	    4962	         143164	    5018.40	    5116.00	    5235.00	    5553.63	           	           	           	           	
 2019/06/10	    5046	    5108	    4992	    5072	         167634	    5002.00	    5106.40	    5212.70	    5540.23	           	           	           	           	
 2019/06/11	    5080	    5088	    5028	    5054	         135734	    5013.60	    5088.80	    5194.60	    5525.73	           	           	           	           	
 2019/06/12	    5054	    5070	    4972	    4976	         140286	    5008.80	    5063.00	    5179.20	    5510.13	           	           	           	           	
 2019/06/13	    4952	    5004	    4922	    4994	         197818	    5011.60	    5038.00	    5163.40	    5495.17	           	           	           	           	
 2019/06/14	    5000	    5036	    4944	    4984	         177254	    5016.00	    5017.20	    5144.60	    5483.20	           	           	           	           	
 2019/06/17	    4990	    5054	    4972	    5034	         115680	    5008.40	    5005.20	    5130.40	    5472.57	           	           	           	           	
 2019/06/18	    5026	    5068	    5022	    5056	         172840	    5008.80	    5011.20	    5114.70	    5461.47	           	           	           	           	
 2019/06/19	    5064	    5196	    5044	    5188	         270360	    5051.20	    5030.00	    5104.70	    5452.20	           	           	           	           	
 2019/06/20	    5180	    5214	    5150	    5196	         236754	    5091.60	    5051.60	    5097.30	    5443.60	           	           	           	           	
 2019/06/21	    5168	    5230	    5122	    5140	         224986	    5122.80	    5069.40	    5092.70	    5434.17	           	           	           	           	
 2019/06/24	    5148	    5244	    5138	    5224	         164530	    5160.80	    5084.60	    5095.50	    5426.83	           	           	           	           	
 2019/06/25	    5226	    5230	    5184	    5202	         141440	    5190.00	    5099.40	    5094.10	    5419.17	           	           	           	           	
 2019/06/26	    5208	    5318	    5160	    5304	         255820	    5213.20	    5132.20	    5097.60	    5413.33	           	           	           	           	
 2019/06/27	    5312	    5462	    5286	    5318	         588014	    5237.60	    5164.60	    5101.30	    5408.50	           	           	           	           	
 2019/06/28	    5330	    5374	    5302	    5306	         295902	    5270.80	    5196.80	    5107.00	    5404.20	           	           	           	           	
 2019/07/01	    5326	    5524	    5316	    5510	         413146	    5328.00	    5244.40	    5124.80	    5402.07	           	           	           	           	
 2019/07/02	    5526	    5608	    5384	    5592	         574248	    5406.00	    5298.00	    5154.60	    5401.50	           	           	           	           	
 2019/07/03	    5600	    5668	    5426	    5508	         845822	    5446.80	    5330.00	    5180.00	    5398.70	           	           	           	           	
 2019/07/04	    5534	    5556	    5272	    5330	         690552	    5449.20	    5343.40	    5197.50	    5391.90	           	           	           	           	
 2019/07/05	    5348	    5374	    5256	    5314	         565878	    5450.80	    5360.80	    5215.10	    5383.80	           	           	           	           	
 2019/07/08	    5296	    5384	    5294	    5342	         365086	    5417.20	    5372.60	    5228.60	    5375.43	           	           	           	           	
 2019/07/09	    5340	    5374	    5248	    5274	         352756	    5353.60	    5379.80	    5239.60	    5366.07	           	           	           	           	
 2019/07/10	    5284	    5384	    5258	    5358	         343560	    5323.60	    5385.20	    5258.70	    5357.40	           	           	           	           	
 2019/07/11	    5384	    5460	    5338	    5422	         364720	    5342.00	    5395.60	    5280.10	    5349.97	           	           	           	           	
 2019/07/12	    5416	    5420	    5284	    5328	         294972	    5344.80	    5397.80	    5297.30	    5340.70	           	           	           	           	
 2019/07/15	    5320	    5348	    5242	    5318	         263448	    5340.00	    5378.60	    5311.50	    5331.03	           	           	           	           	
 2019/07/16	    5318	    5328	    5268	    5302	         214410	    5345.60	    5349.60	    5323.80	    5321.63	           	           	           	           	
 2019/07/17	    5294	    5334	    5256	    5322	         266390	    5338.40	    5331.00	    5330.50	    5316.47	           	           	           	           	
 2019/07/18	    5320	    5360	    5286	    5332	         303682	    5320.40	    5331.20	    5337.30	    5310.47	           	           	           	           	
 2019/07/19	    5340	    5356	    5202	    5272	         328882	    5309.20	    5327.00	    5343.90	    5303.00	           	           	           	           	
 2019/07/22	    5290	    5316	    5156	    5238	         658812	    5293.20	    5316.60	    5344.60	    5294.77	           	           	           	           	
 2019/07/23	    5238	    5242	    5150	    5150	         430524	    5262.80	    5304.20	    5342.00	    5285.77	           	           	           	           	
 2019/07/24	    5160	    5198	    5142	    5172	         373522	    5232.80	    5285.60	    5335.40	    5277.17	           	           	           	           	
 2019/07/25	    5174	    5194	    5146	    5160	         373170	    5198.40	    5259.40	    5327.50	    5269.47	           	           	           	           	
 2019/07/26	    5166	    5238	    5162	    5208	         277630	    5185.60	    5247.40	    5322.60	    5262.93	           	           	           	           	
 2019/07/29	    5212	    5216	    5126	    5138	         380812	    5165.60	    5229.40	    5304.00	    5254.93	           	           	           	           	
 2019/07/30	    5144	    5224	    5136	    5190	         297458	    5173.60	    5218.20	    5283.90	    5249.83	           	           	           	           	
 2019/07/31	    5188	    5246	    5188	    5220	         296680	    5183.20	    5208.00	    5269.50	    5245.13	           	           	           	           	
 2019/08/01	    5230	    5244	    5190	    5234	         253878	    5198.00	    5198.20	    5264.70	    5241.03	           	           	           	           	
 2019/08/02	    5230	    5268	    5102	    5154	         607836	    5187.20	    5186.40	    5256.70	    5235.60	           	           	           	           	
 2019/08/05	    5156	    5200	    5092	    5116	         565012	    5182.80	    5174.20	    5245.40	    5228.90	           	           	           	           	
 2019/08/06	    5110	    5164	    5102	    5146	         427312	    5174.00	    5173.80	    5239.00	    5224.40	           	           	           	           	
 2019/08/07	    5148	    5184	    5126	    5128	         479686	    5155.60	    5169.40	    5227.50	    5221.80	           	           	           	           	
 2019/08/08	    5120	    5206	    5078	    5154	         750358	    5139.60	    5168.80	    5214.10	    5219.20	           	           	           	           	
 2019/08/09	    5142	    5178	    5126	    5152	         490568	    5139.20	    5163.20	    5205.30	    5215.73	           	           	           	           	
 2019/08/12	    5152	    5176	    5108	    5158	         561578	    5147.60	    5165.20	    5197.30	    5213.07	           	           	           	           	
 2019/08/13	    5158	    5182	    5138	    5154	         477984	    5149.20	    5161.60	    5189.90	    5209.47	           	           	           	           	
 2019/08/14	    5158	    5304	    5154	    5250	        1657522	    5173.60	    5164.60	    5186.30	    5207.17	           	           	           	           	
 2019/08/15	    5222	    5272	    5138	    5176	        1406432	    5178.00	    5158.80	    5178.50	    5204.37	           	           	           	           	
 2019/08/16	    5174	    5234	    5136	    5188	        1617680	    5185.20	    5162.20	    5174.30	    5203.63	           	           	           	           	
 2019/08/19	    5186	    5282	    5172	    5232	        2171936	    5200.00	    5173.80	    5174.00	    5204.70	           	           	           	           	
 2019/08/20	    5232	    5256	    5192	    5246	        1530862	    5218.40	    5183.80	    5178.80	    5204.97	           	           	           	           	
 2019/08/21	    5242	    5244	    5108	    5158	        2253976	    5200.00	    5186.80	    5178.10	    5203.70	           	           	           	           	
 2019/08/22	    5158	    5184	    5014	    5086	        2654244	    5182.00	    5180.00	    5174.40	    5201.07	           	           	           	           	
 2019/08/23	    5096	    5164	    5070	    5144	        1815812	    5173.20	    5179.20	    5171.20	    5200.27	           	           	           	           	
 2019/08/26	    5106	    5144	    5050	    5094	        1836998	    5145.60	    5172.80	    5169.00	    5199.27	           	           	           	           	
 2019/08/27	    5112	    5138	    5066	    5108	        1659848	    5118.00	    5168.20	    5164.90	    5201.13	           	           	           	           	
 2019/08/28	    5124	    5152	    5056	    5140	        1795800	    5114.40	    5157.20	    5160.90	    5203.47	           	           	           	           	
 2019/08/29	    5132	    5182	    5064	    5074	        2240504	    5112.00	    5147.00	    5152.90	    5205.03	           	           	           	           	
 2019/08/30	    5084	    5156	    5052	    5102	        1703386	    5103.60	    5138.40	    5150.30	    5207.37	           	           	           	           	
 2019/09/02	    5106	    5130	    5066	    5096	        1663804	    5104.00	    5124.80	    5149.30	    5207.77	           	           	           	           	
 2019/09/03	    5094	    5142	    5058	    5116	        1955710	    5105.60	    5111.80	    5147.80	    5208.80	           	           	           	           	
 2019/09/04	    5094	    5168	    5078	    5132	        1814492	    5104.00	    5109.20	    5148.00	    5211.40	           	           	           	           	
 2019/09/05	    5154	    5274	    5138	    5176	        3773772	    5124.40	    5118.20	    5149.10	    5214.43	           	           	           	           	
 2019/09/06	    5198	    5250	    5166	    5186	        2244854	    5141.20	    5122.40	    5150.80	    5217.80	           	           	           	           	
 2019/09/09	    5188	    5242	    5178	    5234	        1716870	    5168.80	    5136.40	    5154.60	    5221.13	           	           	           	           	
 2019/09/10	    5240	    5282	    5186	    5190	        2204872	    5183.60	    5144.60	    5156.40	    5223.37	           	           	           	           	
 2019/09/11	    5190	    5212	    5094	    5122	        2485916	    5181.60	    5142.80	    5150.00	    5222.27	           	           	           	           	
 2019/09/12	    5126	    5126	    5078	    5098	        1545602	    5166.00	    5145.20	    5146.10	    5220.63	           	           	           	           	
 2019/09/16	    5328	    5328	    5188	    5270	        2464616	    5182.80	    5162.00	    5150.20	    5222.80	           	           	           	           	
 2019/09/17	    5290	    5456	    5242	    5386	        4051144	    5213.20	    5191.00	    5157.90	    5225.50	           	           	           	           	
 2019/09/18	    5390	    5410	    5208	    5238	        3406858	    5222.80	    5203.20	    5157.50	    5226.10	           	           	           	           	
 2019/09/19	    5220	    5234	    5118	    5124	        2369946	    5223.20	    5202.40	    5155.80	    5223.10	           	           	           	           	
 2019/09/20	    5148	    5162	    5124	    5142	        1316188	    5232.00	    5199.00	    5158.60	    5220.17	           	           	           	           	
 2019/09/23	    5140	    5184	    5096	    5176	        1685432	    5213.20	    5198.00	    5160.20	    5218.00	           	           	           	           	
 2019/09/24	    5166	    5188	    5128	    5136	        1195424	    5163.20	    5188.20	    5162.30	    5211.77	           	           	           	           	
 2019/09/25	    5126	    5162	    5084	    5144	        1717676	    5144.40	    5183.60	    5164.10	    5204.30	           	           	           	           	
 2019/09/26	    5138	    5170	    5112	    5138	        1381972	    5147.20	    5185.20	    5164.00	    5198.13	           	           	           	           	
 2019/09/27	    5132	    5154	    5050	    5096	        1726286	    5138.00	    5185.00	    5165.10	    5194.23	           	           	           	           	
 2019/09/30	    5088	    5186	    5036	    5116	        1737004	    5126.00	    5169.60	    5165.80	    5190.93	           	           	           	           	
 2019/10/08	    5088	    5158	    5082	    5116	         748490	    5122.00	    5142.60	    5166.80	    5187.17	           	           	           	           	
 2019/10/09	    5108	    5190	    5108	    5176	        1463688	    5128.40	    5136.40	    5169.80	    5185.53	           	           	           	           	
 2019/10/10	    5192	    5198	    5142	    5152	        1231940	    5131.20	    5139.20	    5170.80	    5182.10	           	           	           	           	
 2019/10/11	    5160	    5190	    5048	    5102	        2125102	    5132.40	    5135.20	    5167.10	    5176.77	           	           	           	           	
 2019/10/14	    5104	    5164	    5088	    5120	        1474042	    5133.20	    5129.60	    5163.80	    5173.30	           	           	           	           	
 2019/10/15	    5110	    5124	    4984	    5014	        2042424	    5112.80	    5117.40	    5152.80	    5168.23	           	           	           	           	
 2019/10/16	    5026	    5070	    4978	    5006	        1578716	    5078.80	    5103.60	    5143.60	    5163.30	           	           	           	           	
 2019/10/17	    5002	    5016	    4956	    4978	        1581032	    5044.00	    5087.60	    5136.40	    5157.57	           	           	           	           	
 2019/10/18	    4982	    5014	    4938	    4962	        1540272	    5016.00	    5074.20	    5129.60	    5151.40	           	           	           	           	
 2019/10/21	    4972	    4984	    4844	    4856	        2059990	    4963.20	    5048.20	    5108.90	    5144.47	           	           	           	           	
数据来源:通达信
